imageFileName,gbifIDPlant,speciesPlant,scorePlant,scientificNameBird,gbifIDBird,decimalLatitude,decimalLongitude,coordinateUncertaintyInMeters,continent,stateProvince,year,month,day,eventDate,dateFieldsValid,creator,publisher,license,rightsHolder,identifier,projectID,identificationDateTime
original_1265554128_1.jpg,5418406,Corymbia torelliana,2.404,"Chrysuronia coeruleogularis (Gould, 1851)",10962601,9.126933,-79.694512,38.0,NORTH_AMERICA,Colón,,,,2016-03-30T16:23:55,False,Jenn Sinasac,iNaturalist,http://creativecommons.org/licenses/by-nc/4.0/,Jenn Sinasac,https://inaturalist-open-data.s3.amazonaws.com/photos/3277988/original.jpg,k-central-america,2024-10-25 17:29:39
original_1453439298_1.jpg,2792457,Polystachya concreta,2.927,"Chrysuronia coeruleogularis (Gould, 1851)",10962601,8.279206,-77.514273,234377.0,NORTH_AMERICA,Emberá,,,,2017-02-05T08:42:29,False,lenoreatwood,iNaturalist,http://creativecommons.org/licenses/by-nc/4.0/,lenoreatwood,https://inaturalist-open-data.s3.amazonaws.com/photos/6321504/original.jpg,k-central-america,2024-10-25 17:29:41
original_1838354574_1.jpg,2945453,Schizolobium parahyba,2.174,"Chrysuronia coeruleogularis (Gould, 1851)",10962601,11.006486,-74.685321,141.0,SOUTH_AMERICA,Atlántico,,,,2018-02-19T06:50,False,Ken Chamberlain,iNaturalist,http://creativecommons.org/licenses/by-nc/4.0/,Ken Chamberlain,https://inaturalist-open-data.s3.amazonaws.com/photos/15495503/original.jpg,k-western-south-america,2024-10-25 17:29:47
original_1880551617_1.jpg,2925303,Lantana camara,52.10399999999999,"Chrysuronia coeruleogularis (Gould, 1851)",10962601,8.932695,-79.545307,31.0,NORTH_AMERICA,Panamá,,,,2018-06-23T11:40,False,lcchacon21,iNaturalist,http://creativecommons.org/licenses/by/4.0/,lcchacon21,https://inaturalist-open-data.s3.amazonaws.com/photos/20200570/original.jpg,k-central-america,2024-10-25 17:29:49
original_1914190748_1.jpeg,2932944,Capsicum annuum,3.05,"Chrysuronia coeruleogularis (Gould, 1851)",10962601,8.982379,-79.51987,38698.0,NORTH_AMERICA,Panamá,,,,2018-03-27T13:23,False,zarapito,iNaturalist,http://creativecommons.org/licenses/by-nc/4.0/,zarapito,https://inaturalist-open-data.s3.amazonaws.com/photos/15858335/original.jpeg,k-central-america,2024-10-25 17:29:53
original_1949988364_1.jpeg,2943053,Chloroleucon mangense,25.668999999999997,"Chrysuronia coeruleogularis (Gould, 1851)",10962601,7.765561,-80.170058,66.0,NORTH_AMERICA,Los Santos,,,,2018-12-03T15:17:04,False,rick-uhlen,iNaturalist,http://creativecommons.org/licenses/by-nc/4.0/,rick-uhlen,https://inaturalist-open-data.s3.amazonaws.com/photos/28906973/original.jpeg; https://inaturalist-open-data.s3.amazonaws.com/photos/28906976/original.jpeg; https://inaturalist-open-data.s3.amazonaws.com/photos/28906981/original.jpeg; https://inaturalist-open-data.s3.amazonaws.com/photos/28906989/original.jpeg; https://inaturalist-open-data.s3.amazonaws.com/photos/28906995/original.jpeg; https://inaturalist-open-data.s3.amazonaws.com/photos/28916030/original.jpeg,k-central-america,2024-10-25 17:29:55
original_1949988364_2.jpeg,2969531,Mimosa tenuiflora,13.997000000000002,"Chrysuronia coeruleogularis (Gould, 1851)",10962601,7.765561,-80.170058,66.0,NORTH_AMERICA,Los Santos,,,,2018-12-03T15:17:04,False,rick-uhlen,iNaturalist,http://creativecommons.org/licenses/by-nc/4.0/,rick-uhlen,https://inaturalist-open-data.s3.amazonaws.com/photos/28906973/original.jpeg; https://inaturalist-open-data.s3.amazonaws.com/photos/28906976/original.jpeg; https://inaturalist-open-data.s3.amazonaws.com/photos/28906981/original.jpeg; https://inaturalist-open-data.s3.amazonaws.com/photos/28906989/original.jpeg; https://inaturalist-open-data.s3.amazonaws.com/photos/28906995/original.jpeg; https://inaturalist-open-data.s3.amazonaws.com/photos/28916030/original.jpeg,k-central-america,2024-10-25 17:29:57
original_1949988364_3.jpeg,7981652,Rhabdadenia biflora,1.027,"Chrysuronia coeruleogularis (Gould, 1851)",10962601,7.765561,-80.170058,66.0,NORTH_AMERICA,Los Santos,,,,2018-12-03T15:17:04,False,rick-uhlen,iNaturalist,http://creativecommons.org/licenses/by-nc/4.0/,rick-uhlen,https://inaturalist-open-data.s3.amazonaws.com/photos/28906973/original.jpeg; https://inaturalist-open-data.s3.amazonaws.com/photos/28906976/original.jpeg; https://inaturalist-open-data.s3.amazonaws.com/photos/28906981/original.jpeg; https://inaturalist-open-data.s3.amazonaws.com/photos/28906989/original.jpeg; https://inaturalist-open-data.s3.amazonaws.com/photos/28906995/original.jpeg; https://inaturalist-open-data.s3.amazonaws.com/photos/28916030/original.jpeg,k-central-america,2024-10-25 17:29:59
original_1949988364_4.jpeg,2956176,Delonix regia,3.818,"Chrysuronia coeruleogularis (Gould, 1851)",10962601,7.765561,-80.170058,66.0,NORTH_AMERICA,Los Santos,,,,2018-12-03T15:17:04,False,rick-uhlen,iNaturalist,http://creativecommons.org/licenses/by-nc/4.0/,rick-uhlen,https://inaturalist-open-data.s3.amazonaws.com/photos/28906973/original.jpeg; https://inaturalist-open-data.s3.amazonaws.com/photos/28906976/original.jpeg; https://inaturalist-open-data.s3.amazonaws.com/photos/28906981/original.jpeg; https://inaturalist-open-data.s3.amazonaws.com/photos/28906989/original.jpeg; https://inaturalist-open-data.s3.amazonaws.com/photos/28906995/original.jpeg; https://inaturalist-open-data.s3.amazonaws.com/photos/28916030/original.jpeg,k-central-america,2024-10-25 17:30:01
original_1949988364_5.jpeg,2952775,Peltophorum pterocarpum,14.756,"Chrysuronia coeruleogularis (Gould, 1851)",10962601,7.765561,-80.170058,66.0,NORTH_AMERICA,Los Santos,,,,2018-12-03T15:17:04,False,rick-uhlen,iNaturalist,http://creativecommons.org/licenses/by-nc/4.0/,rick-uhlen,https://inaturalist-open-data.s3.amazonaws.com/photos/28906973/original.jpeg; https://inaturalist-open-data.s3.amazonaws.com/photos/28906976/original.jpeg; https://inaturalist-open-data.s3.amazonaws.com/photos/28906981/original.jpeg; https://inaturalist-open-data.s3.amazonaws.com/photos/28906989/original.jpeg; https://inaturalist-open-data.s3.amazonaws.com/photos/28906995/original.jpeg; https://inaturalist-open-data.s3.amazonaws.com/photos/28916030/original.jpeg,k-central-america,2024-10-25 17:30:03
original_1949988364_6.jpeg,2956176,Delonix regia,13.411999999999999,"Chrysuronia coeruleogularis (Gould, 1851)",10962601,7.765561,-80.170058,66.0,NORTH_AMERICA,Los Santos,,,,2018-12-03T15:17:04,False,rick-uhlen,iNaturalist,http://creativecommons.org/licenses/by-nc/4.0/,rick-uhlen,https://inaturalist-open-data.s3.amazonaws.com/photos/28906973/original.jpeg; https://inaturalist-open-data.s3.amazonaws.com/photos/28906976/original.jpeg; https://inaturalist-open-data.s3.amazonaws.com/photos/28906981/original.jpeg; https://inaturalist-open-data.s3.amazonaws.com/photos/28906989/original.jpeg; https://inaturalist-open-data.s3.amazonaws.com/photos/28906995/original.jpeg; https://inaturalist-open-data.s3.amazonaws.com/photos/28916030/original.jpeg,k-central-america,2024-10-25 17:30:05
original_2005387632_1.jpeg,7298763,Jacaranda copaia,5.183,"Chrysuronia coeruleogularis (Gould, 1851)",10962601,8.300596,-82.557655,31.0,NORTH_AMERICA,Chiriquí,,,,2018-12-29T07:02,False,Oliver Komar,iNaturalist,http://creativecommons.org/licenses/by-nc/4.0/,Oliver Komar,https://inaturalist-open-data.s3.amazonaws.com/photos/31645031/original.jpeg,k-central-america,2024-10-25 17:30:14
original_2238820404_1.jpeg,2945453,Schizolobium parahyba,11.110000000000001,"Chrysuronia coeruleogularis (Gould, 1851)",10962601,8.896798,-79.582615,526.0,NORTH_AMERICA,Panamá Oeste,,,,2019-03-10T17:11:19,False,beilsie,iNaturalist,http://creativecommons.org/licenses/by-nc/4.0/,beilsie,https://inaturalist-open-data.s3.amazonaws.com/photos/35978972/original.jpeg,k-central-america,2024-10-25 17:30:20
original_2238883125_1.jpeg,2943053,Chloroleucon mangense,1.891,"Chrysuronia coeruleogularis (Gould, 1851)",10962601,8.933276,-79.5455,672.0,NORTH_AMERICA,Panamá,,,,2019-04-27T17:21,False,Rebecca Hill,iNaturalist,http://creativecommons.org/licenses/by-nc/4.0/,Rebecca Hill,https://inaturalist-open-data.s3.amazonaws.com/photos/36397818/original.jpeg,k-central-america,2024-10-25 17:30:22
original_2242770330_1.jpg,2925303,Lantana camara,45.287,"Chrysuronia coeruleogularis (Gould, 1851)",10962601,8.930727,-79.544264,4.0,NORTH_AMERICA,Panamá,,,,2019-04-27T17:44:05,False,mariansi,iNaturalist,http://creativecommons.org/licenses/by-nc/4.0/,mariansi,https://inaturalist-open-data.s3.amazonaws.com/photos/36395673/original.jpg,k-central-america,2024-10-25 17:30:25
original_2283011782_1.jpg,7298785,Jacaranda caucana,40.236,"Chrysuronia coeruleogularis (Gould, 1851)",10962601,8.997349,-79.50764,208.0,NORTH_AMERICA,Panamá,,,,2019-04-26T12:37,False,kveo,iNaturalist,http://creativecommons.org/licenses/by-nc/4.0/,kveo,https://inaturalist-open-data.s3.amazonaws.com/photos/35938064/original.jpg,k-central-america,2024-10-25 17:30:27
original_2294604134_1.jpg,5570630,Ficus nymphaeifolia,0.9480000000000001,"Chrysuronia coeruleogularis (Gould, 1851)",10962601,9.020487,-79.438372,,NORTH_AMERICA,Panamá,,,,2019-06-06T05:24,False,avocat,iNaturalist,http://creativecommons.org/licenses/by-nc/4.0/,avocat,https://inaturalist-open-data.s3.amazonaws.com/photos/45604689/original.jpg,k-central-america,2024-10-25 17:30:29
original_2311306900_1.jpg,7313348,Passiflora platyloba,10.882,"Chrysuronia coeruleogularis (Gould, 1851)",10962601,8.932352,-79.545347,,NORTH_AMERICA,Panamá,,,,2019-06-06T08:29,False,avocat,iNaturalist,http://creativecommons.org/licenses/by-nc/4.0/,avocat,https://inaturalist-open-data.s3.amazonaws.com/photos/45785839/original.jpg; https://inaturalist-open-data.s3.amazonaws.com/photos/45785860/original.jpg,k-central-america,2024-10-25 17:30:34
original_2311306900_2.jpg,2874190,Passiflora edulis,16.034000000000002,"Chrysuronia coeruleogularis (Gould, 1851)",10962601,8.932352,-79.545347,,NORTH_AMERICA,Panamá,,,,2019-06-06T08:29,False,avocat,iNaturalist,http://creativecommons.org/licenses/by-nc/4.0/,avocat,https://inaturalist-open-data.s3.amazonaws.com/photos/45785839/original.jpg; https://inaturalist-open-data.s3.amazonaws.com/photos/45785860/original.jpg,k-central-america,2024-10-25 17:30:36
original_2311306934_1.jpg,3062246,Omphalea diandra,2.149,"Chrysuronia coeruleogularis (Gould, 1851)",10962601,8.931048,-79.544472,,NORTH_AMERICA,Panamá,,,,2019-06-06T08:48,False,avocat,iNaturalist,http://creativecommons.org/licenses/by-nc/4.0/,avocat,https://inaturalist-open-data.s3.amazonaws.com/photos/45786282/original.jpg,k-central-america,2024-10-25 17:30:38
original_2311306958_1.jpg,2925303,Lantana camara,74.355,"Chrysuronia coeruleogularis (Gould, 1851)",10962601,8.930917,-79.544467,,NORTH_AMERICA,Panamá,,,,2019-06-06T08:51,False,avocat,iNaturalist,http://creativecommons.org/licenses/by-nc/4.0/,avocat,https://inaturalist-open-data.s3.amazonaws.com/photos/45786369/original.jpg,k-central-america,2024-10-25 17:30:40
original_2311307022_1.jpg,2704093,Bothriochloa bladhii,10.035,"Chrysuronia coeruleogularis (Gould, 1851)",10962601,8.931215,-79.544375,,NORTH_AMERICA,Panamá,,,,2019-06-06T08:42,False,avocat,iNaturalist,http://creativecommons.org/licenses/by-nc/4.0/,avocat,https://inaturalist-open-data.s3.amazonaws.com/photos/45786113/original.jpg,k-central-america,2024-10-25 17:30:42
original_2423036034_1.jpg,4128591,Chusquea subtessellata,0.918,"Chrysuronia coeruleogularis (Gould, 1851)",10962601,8.628947,-80.110991,61.0,NORTH_AMERICA,Panamá Oeste,,,,2019-05-25T10:28,False,Dean Thompson,iNaturalist,http://creativecommons.org/licenses/by-nc/4.0/,Dean Thompson,https://inaturalist-open-data.s3.amazonaws.com/photos/51128696/original.jpg,k-central-america,2024-10-25 17:30:44
original_2423121485_1.jpg,5414601,Russelia equisetiformis,82.559,"Chrysuronia coeruleogularis (Gould, 1851)",10962601,8.931522,-79.544808,5.0,NORTH_AMERICA,Panamá,,,,2019-09-15T16:38:11,False,wkonwent,iNaturalist,http://creativecommons.org/licenses/by-nc/4.0/,wkonwent,https://inaturalist-open-data.s3.amazonaws.com/photos/51651456/original.jpg,k-central-america,2024-10-25 17:30:46
original_2460100335_1.jpeg,2736812,Brahea dulcis,9.611,"Chrysuronia coeruleogularis (Gould, 1851)",10962601,9.070266,-79.461008,4208.0,NORTH_AMERICA,Panamá,,,,2019-10-26T11:23:38,False,alannavaleria,iNaturalist,http://creativecommons.org/licenses/by-nc/4.0/,alannavaleria,https://inaturalist-open-data.s3.amazonaws.com/photos/56624700/original.jpeg,k-central-america,2024-10-25 17:30:49
original_2529252172_1.jpeg,2930137,Solanum lycopersicum,4.119,"Chrysuronia coeruleogularis (Gould, 1851)",10962601,8.973426,-79.516985,15.0,NORTH_AMERICA,Panamá,,,,2019-04-15T19:45,False,Adrian Braidotti,iNaturalist,http://creativecommons.org/licenses/by-nc/4.0/,Adrian Braidotti,https://inaturalist-open-data.s3.amazonaws.com/photos/405964495/original.jpeg; https://inaturalist-open-data.s3.amazonaws.com/photos/405964510/original.jpeg; https://inaturalist-open-data.s3.amazonaws.com/photos/405964541/original.jpeg; https://inaturalist-open-data.s3.amazonaws.com/photos/57908596/original.jpeg,k-central-america,2024-10-25 17:30:51
original_2529252172_2.jpeg,5289987,Digitaria eriantha,4.056,"Chrysuronia coeruleogularis (Gould, 1851)",10962601,8.973426,-79.516985,15.0,NORTH_AMERICA,Panamá,,,,2019-04-15T19:45,False,Adrian Braidotti,iNaturalist,http://creativecommons.org/licenses/by-nc/4.0/,Adrian Braidotti,https://inaturalist-open-data.s3.amazonaws.com/photos/405964495/original.jpeg; https://inaturalist-open-data.s3.amazonaws.com/photos/405964510/original.jpeg; https://inaturalist-open-data.s3.amazonaws.com/photos/405964541/original.jpeg; https://inaturalist-open-data.s3.amazonaws.com/photos/57908596/original.jpeg,k-central-america,2024-10-25 17:30:53
original_2529252172_3.jpeg,2735117,Cocos nucifera,3.7600000000000002,"Chrysuronia coeruleogularis (Gould, 1851)",10962601,8.973426,-79.516985,15.0,NORTH_AMERICA,Panamá,,,,2019-04-15T19:45,False,Adrian Braidotti,iNaturalist,http://creativecommons.org/licenses/by-nc/4.0/,Adrian Braidotti,https://inaturalist-open-data.s3.amazonaws.com/photos/405964495/original.jpeg; https://inaturalist-open-data.s3.amazonaws.com/photos/405964510/original.jpeg; https://inaturalist-open-data.s3.amazonaws.com/photos/405964541/original.jpeg; https://inaturalist-open-data.s3.amazonaws.com/photos/57908596/original.jpeg,k-central-america,2024-10-25 17:30:55
original_2529252172_4.jpeg,2932944,Capsicum annuum,5.515,"Chrysuronia coeruleogularis (Gould, 1851)",10962601,8.973426,-79.516985,15.0,NORTH_AMERICA,Panamá,,,,2019-04-15T19:45,False,Adrian Braidotti,iNaturalist,http://creativecommons.org/licenses/by-nc/4.0/,Adrian Braidotti,https://inaturalist-open-data.s3.amazonaws.com/photos/405964495/original.jpeg; https://inaturalist-open-data.s3.amazonaws.com/photos/405964510/original.jpeg; https://inaturalist-open-data.s3.amazonaws.com/photos/405964541/original.jpeg; https://inaturalist-open-data.s3.amazonaws.com/photos/57908596/original.jpeg,k-central-america,2024-10-25 17:30:57
original_2540795856_1.jpg,2982188,Calliandra surinamensis,61.685,"Chrysuronia coeruleogularis (Gould, 1851)",10962601,8.964248,-78.456792,,NORTH_AMERICA,Panamá,,,,2019-12-15T08:06,False,Ken Chamberlain,iNaturalist,http://creativecommons.org/licenses/by-nc/4.0/,Ken Chamberlain,https://inaturalist-open-data.s3.amazonaws.com/photos/58252938/original.jpg; https://inaturalist-open-data.s3.amazonaws.com/photos/58252946/original.jpg,k-central-america,2024-10-25 17:31:00
original_2540795856_2.jpg,2982188,Calliandra surinamensis,65.488,"Chrysuronia coeruleogularis (Gould, 1851)",10962601,8.964248,-78.456792,,NORTH_AMERICA,Panamá,,,,2019-12-15T08:06,False,Ken Chamberlain,iNaturalist,http://creativecommons.org/licenses/by-nc/4.0/,Ken Chamberlain,https://inaturalist-open-data.s3.amazonaws.com/photos/58252938/original.jpg; https://inaturalist-open-data.s3.amazonaws.com/photos/58252946/original.jpg,k-central-america,2024-10-25 17:31:03
original_2543097001_1.jpeg,5406696,Ceiba aesculifolia,18.594,"Chrysuronia coeruleogularis (Gould, 1851)",10962601,8.516512,-80.365171,4.0,NORTH_AMERICA,Coclé,,,,2019-12-29T17:40,False,Vicente,iNaturalist,http://creativecommons.org/licenses/by-nc/4.0/,Vicente,https://inaturalist-open-data.s3.amazonaws.com/photos/58942426/original.jpeg,k-central-america,2024-10-25 17:31:05
original_2557737609_1.jpeg,3054181,Moringa oleifera,81.068,"Chrysuronia coeruleogularis (Gould, 1851)",10962601,8.516528,-80.365332,,NORTH_AMERICA,Coclé,,,,2020-01-05T17:17,False,Vicente,iNaturalist,http://creativecommons.org/licenses/by-nc/4.0/,Vicente,https://inaturalist-open-data.s3.amazonaws.com/photos/59194071/original.jpeg,k-central-america,2024-10-25 17:31:08
original_2557761215_1.jpg,7669080,Fridericia chica,7.1,"Chrysuronia coeruleogularis (Gould, 1851)",10962601,9.132514,-79.72623,61.0,NORTH_AMERICA,Colón,,,,2020-01-06T08:34,False,guylafond,iNaturalist,http://creativecommons.org/licenses/by-nc/4.0/,guylafond,https://inaturalist-open-data.s3.amazonaws.com/photos/59447937/original.jpg; https://inaturalist-open-data.s3.amazonaws.com/photos/59448081/original.jpg; https://inaturalist-open-data.s3.amazonaws.com/photos/59448085/original.jpeg; https://inaturalist-open-data.s3.amazonaws.com/photos/59448089/original.jpeg; https://inaturalist-open-data.s3.amazonaws.com/photos/59448093/original.jpeg; https://inaturalist-open-data.s3.amazonaws.com/photos/59448094/original.jpeg; https://inaturalist-open-data.s3.amazonaws.com/photos/59448095/original.jpeg,k-central-america,2024-10-25 17:31:10
original_2557761215_2.jpeg,7669080,Fridericia chica,23.033,"Chrysuronia coeruleogularis (Gould, 1851)",10962601,9.132514,-79.72623,61.0,NORTH_AMERICA,Colón,,,,2020-01-06T08:34,False,guylafond,iNaturalist,http://creativecommons.org/licenses/by-nc/4.0/,guylafond,https://inaturalist-open-data.s3.amazonaws.com/photos/59447937/original.jpg; https://inaturalist-open-data.s3.amazonaws.com/photos/59448081/original.jpg; https://inaturalist-open-data.s3.amazonaws.com/photos/59448085/original.jpeg; https://inaturalist-open-data.s3.amazonaws.com/photos/59448089/original.jpeg; https://inaturalist-open-data.s3.amazonaws.com/photos/59448093/original.jpeg; https://inaturalist-open-data.s3.amazonaws.com/photos/59448094/original.jpeg; https://inaturalist-open-data.s3.amazonaws.com/photos/59448095/original.jpeg,k-central-america,2024-10-25 17:31:12
original_2557761215_3.jpeg,7669080,Fridericia chica,18.953999999999997,"Chrysuronia coeruleogularis (Gould, 1851)",10962601,9.132514,-79.72623,61.0,NORTH_AMERICA,Colón,,,,2020-01-06T08:34,False,guylafond,iNaturalist,http://creativecommons.org/licenses/by-nc/4.0/,guylafond,https://inaturalist-open-data.s3.amazonaws.com/photos/59447937/original.jpg; https://inaturalist-open-data.s3.amazonaws.com/photos/59448081/original.jpg; https://inaturalist-open-data.s3.amazonaws.com/photos/59448085/original.jpeg; https://inaturalist-open-data.s3.amazonaws.com/photos/59448089/original.jpeg; https://inaturalist-open-data.s3.amazonaws.com/photos/59448093/original.jpeg; https://inaturalist-open-data.s3.amazonaws.com/photos/59448094/original.jpeg; https://inaturalist-open-data.s3.amazonaws.com/photos/59448095/original.jpeg,k-central-america,2024-10-25 17:31:15
original_2557761215_4.jpeg,7669080,Fridericia chica,57.364000000000004,"Chrysuronia coeruleogularis (Gould, 1851)",10962601,9.132514,-79.72623,61.0,NORTH_AMERICA,Colón,,,,2020-01-06T08:34,False,guylafond,iNaturalist,http://creativecommons.org/licenses/by-nc/4.0/,guylafond,https://inaturalist-open-data.s3.amazonaws.com/photos/59447937/original.jpg; https://inaturalist-open-data.s3.amazonaws.com/photos/59448081/original.jpg; https://inaturalist-open-data.s3.amazonaws.com/photos/59448085/original.jpeg; https://inaturalist-open-data.s3.amazonaws.com/photos/59448089/original.jpeg; https://inaturalist-open-data.s3.amazonaws.com/photos/59448093/original.jpeg; https://inaturalist-open-data.s3.amazonaws.com/photos/59448094/original.jpeg; https://inaturalist-open-data.s3.amazonaws.com/photos/59448095/original.jpeg,k-central-america,2024-10-25 17:31:17
original_2557761215_5.jpg,7669080,Fridericia chica,3.0349999999999997,"Chrysuronia coeruleogularis (Gould, 1851)",10962601,9.132514,-79.72623,61.0,NORTH_AMERICA,Colón,,,,2020-01-06T08:34,False,guylafond,iNaturalist,http://creativecommons.org/licenses/by-nc/4.0/,guylafond,https://inaturalist-open-data.s3.amazonaws.com/photos/59447937/original.jpg; https://inaturalist-open-data.s3.amazonaws.com/photos/59448081/original.jpg; https://inaturalist-open-data.s3.amazonaws.com/photos/59448085/original.jpeg; https://inaturalist-open-data.s3.amazonaws.com/photos/59448089/original.jpeg; https://inaturalist-open-data.s3.amazonaws.com/photos/59448093/original.jpeg; https://inaturalist-open-data.s3.amazonaws.com/photos/59448094/original.jpeg; https://inaturalist-open-data.s3.amazonaws.com/photos/59448095/original.jpeg,k-central-america,2024-10-25 17:31:19
original_2557761215_6.jpeg,7669080,Fridericia chica,58.165,"Chrysuronia coeruleogularis (Gould, 1851)",10962601,9.132514,-79.72623,61.0,NORTH_AMERICA,Colón,,,,2020-01-06T08:34,False,guylafond,iNaturalist,http://creativecommons.org/licenses/by-nc/4.0/,guylafond,https://inaturalist-open-data.s3.amazonaws.com/photos/59447937/original.jpg; https://inaturalist-open-data.s3.amazonaws.com/photos/59448081/original.jpg; https://inaturalist-open-data.s3.amazonaws.com/photos/59448085/original.jpeg; https://inaturalist-open-data.s3.amazonaws.com/photos/59448089/original.jpeg; https://inaturalist-open-data.s3.amazonaws.com/photos/59448093/original.jpeg; https://inaturalist-open-data.s3.amazonaws.com/photos/59448094/original.jpeg; https://inaturalist-open-data.s3.amazonaws.com/photos/59448095/original.jpeg,k-central-america,2024-10-25 17:31:21
original_2557761215_7.jpeg,7669080,Fridericia chica,58.270999999999994,"Chrysuronia coeruleogularis (Gould, 1851)",10962601,9.132514,-79.72623,61.0,NORTH_AMERICA,Colón,,,,2020-01-06T08:34,False,guylafond,iNaturalist,http://creativecommons.org/licenses/by-nc/4.0/,guylafond,https://inaturalist-open-data.s3.amazonaws.com/photos/59447937/original.jpg; https://inaturalist-open-data.s3.amazonaws.com/photos/59448081/original.jpg; https://inaturalist-open-data.s3.amazonaws.com/photos/59448085/original.jpeg; https://inaturalist-open-data.s3.amazonaws.com/photos/59448089/original.jpeg; https://inaturalist-open-data.s3.amazonaws.com/photos/59448093/original.jpeg; https://inaturalist-open-data.s3.amazonaws.com/photos/59448094/original.jpeg; https://inaturalist-open-data.s3.amazonaws.com/photos/59448095/original.jpeg,k-central-america,2024-10-25 17:31:23
original_2563574371_1.jpeg,5406696,Ceiba aesculifolia,52.51,"Chrysuronia coeruleogularis (Gould, 1851)",10962601,8.921804,-78.398855,60.0,NORTH_AMERICA,Panamá,,,,2019-01-06T13:16,False,Oliver Komar,iNaturalist,http://creativecommons.org/licenses/by-nc/4.0/,Oliver Komar,https://inaturalist-open-data.s3.amazonaws.com/photos/60166884/original.jpeg; https://inaturalist-open-data.s3.amazonaws.com/photos/60166896/original.jpeg; https://inaturalist-open-data.s3.amazonaws.com/photos/60166922/original.jpeg,k-central-america,2024-10-25 17:31:30
original_2563574371_3.jpeg,5406696,Ceiba aesculifolia,5.577,"Chrysuronia coeruleogularis (Gould, 1851)",10962601,8.921804,-78.398855,60.0,NORTH_AMERICA,Panamá,,,,2019-01-06T13:16,False,Oliver Komar,iNaturalist,http://creativecommons.org/licenses/by-nc/4.0/,Oliver Komar,https://inaturalist-open-data.s3.amazonaws.com/photos/60166884/original.jpeg; https://inaturalist-open-data.s3.amazonaws.com/photos/60166896/original.jpeg; https://inaturalist-open-data.s3.amazonaws.com/photos/60166922/original.jpeg,k-central-america,2024-10-25 17:31:34
original_2563621304_1.jpg,2792457,Polystachya concreta,1.012,"Chrysuronia coeruleogularis (Gould, 1851)",10962601,9.546433,-78.888121,342.0,NORTH_AMERICA,Kuna Yala,,,,2020-01-15T11:34,False,Paul Donahue,iNaturalist,http://creativecommons.org/licenses/by-nc/4.0/,Paul Donahue,https://inaturalist-open-data.s3.amazonaws.com/photos/60399124/original.jpg,k-central-america,2024-10-25 17:31:36
original_2574060063_1.jpg,8435196,Passiflora pallida,6.747,"Chrysuronia coeruleogularis (Gould, 1851)",10962601,9.118953,-79.713693,,NORTH_AMERICA,Colón,,,,2010-02-06T16:12,False,Stephen John Davies,iNaturalist,http://creativecommons.org/licenses/by-nc/4.0/,Stephen John Davies,https://inaturalist-open-data.s3.amazonaws.com/photos/43415752/original.jpg; https://inaturalist-open-data.s3.amazonaws.com/photos/43415760/original.jpg,k-central-america,2024-10-25 17:31:44
original_2574060063_2.jpg,7327057,Combretum farinosum,4.332,"Chrysuronia coeruleogularis (Gould, 1851)",10962601,9.118953,-79.713693,,NORTH_AMERICA,Colón,,,,2010-02-06T16:12,False,Stephen John Davies,iNaturalist,http://creativecommons.org/licenses/by-nc/4.0/,Stephen John Davies,https://inaturalist-open-data.s3.amazonaws.com/photos/43415752/original.jpg; https://inaturalist-open-data.s3.amazonaws.com/photos/43415760/original.jpg,k-central-america,2024-10-25 17:31:46
original_2580199220_2.jpg,8082978,Gliricidia sepium,10.188,"Chrysuronia coeruleogularis (Gould, 1851)",10962601,8.912905,-79.528947,,NORTH_AMERICA,Panamá,,,,2020-02-18T15:55:03,False,jarvishere,iNaturalist,http://creativecommons.org/licenses/by-nc/4.0/,jarvishere,https://inaturalist-open-data.s3.amazonaws.com/photos/62019729/original.jpg; https://inaturalist-open-data.s3.amazonaws.com/photos/62019733/original.jpg,k-central-america,2024-10-25 17:31:58
original_2603363081_1.jpg,5349620,Erythrina fusca,4.569999999999999,"Chrysuronia coeruleogularis (Gould, 1851)",10962601,7.817142,-80.218907,10.0,NORTH_AMERICA,Los Santos,,,,2020-04-14T15:57:41,False,Gumercindo Pimentel,iNaturalist,http://creativecommons.org/licenses/by-nc/4.0/,Gumercindo Pimentel,https://inaturalist-open-data.s3.amazonaws.com/photos/66976953/original.jpg,k-central-america,2024-10-25 17:32:00
original_2609165509_1.jpeg,8082978,Gliricidia sepium,1.459,"Chrysuronia coeruleogularis (Gould, 1851)",10962601,8.402623,-82.438127,620.0,NORTH_AMERICA,Chiriquí,,,,2020-04-17T07:37,False,yasminch,iNaturalist,http://creativecommons.org/licenses/by-nc/4.0/,yasminch,https://inaturalist-open-data.s3.amazonaws.com/photos/67554317/original.jpeg; https://inaturalist-open-data.s3.amazonaws.com/photos/67554665/original.jpeg,k-central-america,2024-10-25 17:32:02
original_2610939656_1.jpeg,5383279,Margaritaria nobilis,4.388,"Chrysuronia coeruleogularis (Gould, 1851)",10962601,7.591789,-80.960655,17.0,NORTH_AMERICA,Veraguas,,,,2020-04-25T10:13:01,False,loes,iNaturalist,http://creativecommons.org/licenses/by-nc/4.0/,loes,https://inaturalist-open-data.s3.amazonaws.com/photos/68784388/original.jpeg,k-central-america,2024-10-25 17:32:07
original_2611055589_1.jpg,7327057,Combretum farinosum,1.443,"Chrysuronia coeruleogularis (Gould, 1851)",10962601,8.994355,-79.525216,818.0,NORTH_AMERICA,Panamá,,,,2020-04-27T16:18,False,Andrés Matos,iNaturalist,http://creativecommons.org/licenses/by-nc/4.0/,Andrés Matos,https://inaturalist-open-data.s3.amazonaws.com/photos/69888210/original.jpg,k-central-america,2024-10-25 17:32:15
original_2611066151_1.jpeg,8082978,Gliricidia sepium,9.772,"Chrysuronia coeruleogularis (Gould, 1851)",10962601,8.402623,-82.438192,620.0,NORTH_AMERICA,Chiriquí,,,,2020-04-24T09:07,False,yasminch,iNaturalist,http://creativecommons.org/licenses/by-nc/4.0/,yasminch,https://inaturalist-open-data.s3.amazonaws.com/photos/68517169/original.jpeg,k-central-america,2024-10-25 17:32:17
original_2611132705_1.jpeg,2925303,Lantana camara,41.609,"Chrysuronia coeruleogularis (Gould, 1851)",10962601,9.086204,-79.51741,19.0,NORTH_AMERICA,Panamá,,,,2020-04-27T11:30:50,False,Mabelin,iNaturalist,http://creativecommons.org/licenses/by-nc/4.0/,Mabelin,https://inaturalist-open-data.s3.amazonaws.com/photos/69837539/original.jpeg,k-central-america,2024-10-25 17:32:27
original_2611177777_1.jpeg,5406696,Ceiba aesculifolia,32.317,"Chrysuronia coeruleogularis (Gould, 1851)",10962601,8.402432,-82.437977,620.0,NORTH_AMERICA,Chiriquí,,,,2020-04-26T07:56,False,yasminch,iNaturalist,http://creativecommons.org/licenses/by-nc/4.0/,yasminch,https://inaturalist-open-data.s3.amazonaws.com/photos/69871824/original.jpeg,k-central-america,2024-10-25 17:32:29
original_2611282307_1.jpeg,2777724,Aloe vera,57.669000000000004,"Chrysuronia coeruleogularis (Gould, 1851)",10962601,8.002709,-80.521619,16829.0,NORTH_AMERICA,Herrera,,,,2020-04-26T18:15,False,Oliver Rodríguez,iNaturalist,http://creativecommons.org/licenses/by-nc/4.0/,Oliver Rodríguez,https://inaturalist-open-data.s3.amazonaws.com/photos/69428315/original.jpeg; https://inaturalist-open-data.s3.amazonaws.com/photos/69428595/original.jpeg,k-central-america,2024-10-25 17:32:32
original_2611282307_2.jpeg,2777724,Aloe vera,83.439,"Chrysuronia coeruleogularis (Gould, 1851)",10962601,8.002709,-80.521619,16829.0,NORTH_AMERICA,Herrera,,,,2020-04-26T18:15,False,Oliver Rodríguez,iNaturalist,http://creativecommons.org/licenses/by-nc/4.0/,Oliver Rodríguez,https://inaturalist-open-data.s3.amazonaws.com/photos/69428315/original.jpeg; https://inaturalist-open-data.s3.amazonaws.com/photos/69428595/original.jpeg,k-central-america,2024-10-25 17:32:34
original_2611406397_1.jpeg,3188562,Miconia prasina,1.6740000000000002,"Chrysuronia coeruleogularis (Gould, 1851)",10962601,7.416119,-80.314613,15.0,NORTH_AMERICA,Los Santos,,,,2019-07-19T00:04,False,Roland Godon,iNaturalist,http://creativecommons.org/licenses/by/4.0/,Roland Godon,https://inaturalist-open-data.s3.amazonaws.com/photos/70006659/original.jpeg; https://inaturalist-open-data.s3.amazonaws.com/photos/70006721/original.jpeg,k-central-america,2024-10-25 17:32:42
original_2611406397_2.jpeg,2951571,Mucuna sloanei,6.014,"Chrysuronia coeruleogularis (Gould, 1851)",10962601,7.416119,-80.314613,15.0,NORTH_AMERICA,Los Santos,,,,2019-07-19T00:04,False,Roland Godon,iNaturalist,http://creativecommons.org/licenses/by/4.0/,Roland Godon,https://inaturalist-open-data.s3.amazonaws.com/photos/70006659/original.jpeg; https://inaturalist-open-data.s3.amazonaws.com/photos/70006721/original.jpeg,k-central-america,2024-10-25 17:32:44
original_2620078517_1.jpg,3190638,Mangifera indica,10.040000000000001,"Chrysuronia coeruleogularis (Gould, 1851)",10962601,8.994355,-79.525216,818.0,NORTH_AMERICA,Panamá,,,,2020-05-02T14:56,False,Andrés Matos,iNaturalist,http://creativecommons.org/licenses/by-nc/4.0/,Andrés Matos,https://inaturalist-open-data.s3.amazonaws.com/photos/70772545/original.jpg,k-central-america,2024-10-25 17:32:46
original_2626101052_1.jpeg,5303044,Thalia geniculata,3.101,"Chrysuronia coeruleogularis (Gould, 1851)",10962601,9.614655,-79.562272,15.0,NORTH_AMERICA,Colón,,,,2019-07-27T23:47,False,Roland Godon,iNaturalist,http://creativecommons.org/licenses/by/4.0/,Roland Godon,https://inaturalist-open-data.s3.amazonaws.com/photos/71832887/original.jpeg,k-central-america,2024-10-25 17:32:49
original_2626399805_1.jpeg,5406696,Ceiba aesculifolia,28.04,"Chrysuronia coeruleogularis (Gould, 1851)",10962601,8.002709,-80.521619,16829.0,NORTH_AMERICA,Herrera,,,,2020-04-25T20:30,False,Oliver Rodríguez,iNaturalist,http://creativecommons.org/licenses/by-nc/4.0/,Oliver Rodríguez,https://inaturalist-open-data.s3.amazonaws.com/photos/69035717/original.jpeg; https://inaturalist-open-data.s3.amazonaws.com/photos/69035814/original.jpeg,k-central-america,2024-10-25 17:32:51
original_2626399805_2.jpeg,5406696,Ceiba aesculifolia,16.724,"Chrysuronia coeruleogularis (Gould, 1851)",10962601,8.002709,-80.521619,16829.0,NORTH_AMERICA,Herrera,,,,2020-04-25T20:30,False,Oliver Rodríguez,iNaturalist,http://creativecommons.org/licenses/by-nc/4.0/,Oliver Rodríguez,https://inaturalist-open-data.s3.amazonaws.com/photos/69035717/original.jpeg; https://inaturalist-open-data.s3.amazonaws.com/photos/69035814/original.jpeg,k-central-america,2024-10-25 17:32:53
original_2626427932_1.jpeg,5406697,Ceiba pentandra,12.011,"Chrysuronia coeruleogularis (Gould, 1851)",10962601,9.339958,-79.830868,4.0,NORTH_AMERICA,Colón,,,,2019-02-23,False,katiuska19,iNaturalist,http://creativecommons.org/licenses/by-nc/4.0/,katiuska19,https://inaturalist-open-data.s3.amazonaws.com/photos/73751991/original.jpeg,k-central-america,2024-10-25 17:32:55
original_2634136856_1.jpeg,3794448,Semialarium mexicanum,0.9390000000000001,"Chrysuronia coeruleogularis (Gould, 1851)",10962601,8.245123,-80.504332,,NORTH_AMERICA,Coclé,,,,2020-05-25T17:15,False,Vicente,iNaturalist,http://creativecommons.org/licenses/by-nc/4.0/,Vicente,https://inaturalist-open-data.s3.amazonaws.com/photos/76381603/original.jpeg; https://inaturalist-open-data.s3.amazonaws.com/photos/76381628/original.jpeg,k-central-america,2024-10-25 17:33:00
original_2634136856_2.jpeg,3794448,Semialarium mexicanum,4.798,"Chrysuronia coeruleogularis (Gould, 1851)",10962601,8.245123,-80.504332,,NORTH_AMERICA,Coclé,,,,2020-05-25T17:15,False,Vicente,iNaturalist,http://creativecommons.org/licenses/by-nc/4.0/,Vicente,https://inaturalist-open-data.s3.amazonaws.com/photos/76381603/original.jpeg; https://inaturalist-open-data.s3.amazonaws.com/photos/76381628/original.jpeg,k-central-america,2024-10-25 17:33:02
original_2634227647_1.jpeg,8435196,Passiflora pallida,2.5420000000000003,"Chrysuronia coeruleogularis (Gould, 1851)",10962601,7.978451,-80.453148,10.0,NORTH_AMERICA,Herrera,,,,2019-07-19T11:26:29,False,Alison Guerra,iNaturalist,http://creativecommons.org/licenses/by/4.0/,Alison Guerra,https://inaturalist-open-data.s3.amazonaws.com/photos/71734002/original.jpeg; https://inaturalist-open-data.s3.amazonaws.com/photos/71734009/original.jpeg,k-central-america,2024-10-25 17:33:05
original_2634227647_2.jpeg,2964988,Centrosema brasilianum,3.132,"Chrysuronia coeruleogularis (Gould, 1851)",10962601,7.978451,-80.453148,10.0,NORTH_AMERICA,Herrera,,,,2019-07-19T11:26:29,False,Alison Guerra,iNaturalist,http://creativecommons.org/licenses/by/4.0/,Alison Guerra,https://inaturalist-open-data.s3.amazonaws.com/photos/71734002/original.jpeg; https://inaturalist-open-data.s3.amazonaws.com/photos/71734009/original.jpeg,k-central-america,2024-10-25 17:33:07
original_2641411754_1.jpeg,5320021,Epidendrum nocturnum,4.052,"Chrysuronia coeruleogularis (Gould, 1851)",10962601,8.402432,-82.437977,620.0,NORTH_AMERICA,Chiriquí,,,,2020-06-05T07:25,False,yasminch,iNaturalist,http://creativecommons.org/licenses/by-nc/4.0/,yasminch,https://inaturalist-open-data.s3.amazonaws.com/photos/77119333/original.jpeg,k-central-america,2024-10-25 17:33:10
original_2641494749_1.jpeg,2762989,Musa ornata,2.762,"Chrysuronia coeruleogularis (Gould, 1851)",10962601,8.848381,-78.194105,17.0,NORTH_AMERICA,Darién,,,,2020-06-05T14:20,False,Katerine Rodríguez,iNaturalist,http://creativecommons.org/licenses/by-nc/4.0/,Katerine Rodríguez,https://inaturalist-open-data.s3.amazonaws.com/photos/77099714/original.jpeg,k-central-america,2024-10-25 17:33:12
original_2641499082_1.jpg,3152824,Liquidambar styraciflua,2.284,"Chrysuronia coeruleogularis (Gould, 1851)",10962601,8.949006,-78.466759,138.0,NORTH_AMERICA,Panamá,,,,2017-03-23,False,Andy Frank,iNaturalist,http://creativecommons.org/licenses/by-nc/4.0/,Andy Frank,https://inaturalist-open-data.s3.amazonaws.com/photos/77494018/original.jpg,k-central-america,2024-10-25 17:33:14
original_2802694754_2.jpg,3082392,Lecythis minor,1.9290000000000003,"Chrysuronia coeruleogularis (Gould, 1851)",10962601,8.999989,-79.510703,22.0,NORTH_AMERICA,Panamá,,,,2020-06-22T14:48:56,False,bravomilord,iNaturalist,http://creativecommons.org/licenses/by-nc/4.0/,bravomilord,https://inaturalist-open-data.s3.amazonaws.com/photos/80334418/original.jpg; https://inaturalist-open-data.s3.amazonaws.com/photos/80334444/original.jpg; https://inaturalist-open-data.s3.amazonaws.com/photos/80334505/original.jpg; https://inaturalist-open-data.s3.amazonaws.com/photos/80334538/original.jpg; https://inaturalist-open-data.s3.amazonaws.com/photos/80334577/original.jpg,k-central-america,2024-10-25 17:33:17
original_2803080281_1.jpg,2884788,Pouteria caimito,3.7609999999999997,"Chrysuronia coeruleogularis (Gould, 1851)",10962601,7.545363,-80.949556,22.0,NORTH_AMERICA,Veraguas,,,,2020-06-19T09:34:43,False,Rodrigo Baez,iNaturalist,http://creativecommons.org/licenses/by-nc/4.0/,Rodrigo Baez,https://inaturalist-open-data.s3.amazonaws.com/photos/80086285/original.jpg,k-central-america,2024-10-25 17:33:25
original_2814117236_1.jpg,2981879,Calliandra tergemina,1.9140000000000001,"Chrysuronia coeruleogularis (Gould, 1851)",10962601,8.999974,-79.510708,22.0,NORTH_AMERICA,Panamá,,,,2020-06-27T10:27:33,False,bravomilord,iNaturalist,http://creativecommons.org/licenses/by-nc/4.0/,bravomilord,https://inaturalist-open-data.s3.amazonaws.com/photos/81787778/original.jpg; https://inaturalist-open-data.s3.amazonaws.com/photos/81788375/original.jpg; https://inaturalist-open-data.s3.amazonaws.com/photos/88454744/original.jpg,k-central-america,2024-10-25 17:33:28
original_2814189660_1.jpeg,2905493,Ixora coccinea,24.314,"Chrysuronia coeruleogularis (Gould, 1851)",10962601,8.053026,-80.559907,4.0,NORTH_AMERICA,Herrera,,,,2020-06-05,False,Isibel Solis Corro,iNaturalist,http://creativecommons.org/licenses/by-nc/4.0/,Isibel Solis Corro,https://inaturalist-open-data.s3.amazonaws.com/photos/77833105/original.jpeg; https://inaturalist-open-data.s3.amazonaws.com/photos/77834473/original.jpeg,k-central-america,2024-10-25 17:33:34
original_2814189660_2.jpeg,2905493,Ixora coccinea,9.2,"Chrysuronia coeruleogularis (Gould, 1851)",10962601,8.053026,-80.559907,4.0,NORTH_AMERICA,Herrera,,,,2020-06-05,False,Isibel Solis Corro,iNaturalist,http://creativecommons.org/licenses/by-nc/4.0/,Isibel Solis Corro,https://inaturalist-open-data.s3.amazonaws.com/photos/77833105/original.jpeg; https://inaturalist-open-data.s3.amazonaws.com/photos/77834473/original.jpeg,k-central-america,2024-10-25 17:33:36
original_2823115511_1.jpg,3054262,Crateva tapia,5.836,"Chrysuronia coeruleogularis (Gould, 1851)",10962601,8.994355,-79.525216,818.0,NORTH_AMERICA,Panamá,,,,2020-07-10T18:21,False,Andrés Matos,iNaturalist,http://creativecommons.org/licenses/by-nc/4.0/,Andrés Matos,https://inaturalist-open-data.s3.amazonaws.com/photos/83704275/original.jpg,k-central-america,2024-10-25 17:33:38
original_2823286940_1.jpg,5406696,Ceiba aesculifolia,2.609,"Chrysuronia coeruleogularis (Gould, 1851)",10962601,8.994355,-79.525216,818.0,NORTH_AMERICA,Panamá,,,,2020-07-17T17:41,False,Andrés Matos,iNaturalist,http://creativecommons.org/licenses/by-nc/4.0/,Andrés Matos,https://inaturalist-open-data.s3.amazonaws.com/photos/85193899/original.jpg,k-central-america,2024-10-25 17:33:41
original_2826450693_1.jpeg,5406696,Ceiba aesculifolia,20.243,"Chrysuronia coeruleogularis (Gould, 1851)",10962601,8.248272,-80.506248,,NORTH_AMERICA,Coclé,,,,2020-06-18T17:25,False,Vicente,iNaturalist,http://creativecommons.org/licenses/by-nc/4.0/,Vicente,https://inaturalist-open-data.s3.amazonaws.com/photos/87178194/original.jpeg; https://inaturalist-open-data.s3.amazonaws.com/photos/87178215/original.jpeg; https://inaturalist-open-data.s3.amazonaws.com/photos/87178243/original.jpeg; https://inaturalist-open-data.s3.amazonaws.com/photos/87178266/original.jpeg,k-central-america,2024-10-25 17:33:45
original_2826450693_2.jpeg,2984476,Cecropia peltata,3.3000000000000003,"Chrysuronia coeruleogularis (Gould, 1851)",10962601,8.248272,-80.506248,,NORTH_AMERICA,Coclé,,,,2020-06-18T17:25,False,Vicente,iNaturalist,http://creativecommons.org/licenses/by-nc/4.0/,Vicente,https://inaturalist-open-data.s3.amazonaws.com/photos/87178194/original.jpeg; https://inaturalist-open-data.s3.amazonaws.com/photos/87178215/original.jpeg; https://inaturalist-open-data.s3.amazonaws.com/photos/87178243/original.jpeg; https://inaturalist-open-data.s3.amazonaws.com/photos/87178266/original.jpeg,k-central-america,2024-10-25 17:33:47
original_2826450693_4.jpeg,5406696,Ceiba aesculifolia,16.714000000000002,"Chrysuronia coeruleogularis (Gould, 1851)",10962601,8.248272,-80.506248,,NORTH_AMERICA,Coclé,,,,2020-06-18T17:25,False,Vicente,iNaturalist,http://creativecommons.org/licenses/by-nc/4.0/,Vicente,https://inaturalist-open-data.s3.amazonaws.com/photos/87178194/original.jpeg; https://inaturalist-open-data.s3.amazonaws.com/photos/87178215/original.jpeg; https://inaturalist-open-data.s3.amazonaws.com/photos/87178243/original.jpeg; https://inaturalist-open-data.s3.amazonaws.com/photos/87178266/original.jpeg,k-central-america,2024-10-25 17:33:51
original_2850952478_1.jpg,3773061,Megaskepasma erythrochlamys,25.312,"Chrysuronia coeruleogularis (Gould, 1851)",10962601,8.915536,-78.392755,1351.0,NORTH_AMERICA,Panamá,,,,2019-12-02T21:11Z,False,rharris70,iNaturalist,http://creativecommons.org/licenses/by-nc/4.0/,rharris70,https://inaturalist-open-data.s3.amazonaws.com/photos/62105900/original.jpg,k-central-america,2024-10-25 17:34:02
original_2864794932_1.jpeg,2760940,Heliconia latispatha,39.696999999999996,"Chrysuronia coeruleogularis (Gould, 1851)",10962601,7.545441,-80.949419,4.0,NORTH_AMERICA,Veraguas,,,,2020-09-15T08:44,False,Rodrigo Baez,iNaturalist,http://creativecommons.org/licenses/by-nc/4.0/,Rodrigo Baez,https://inaturalist-open-data.s3.amazonaws.com/photos/95414576/original.jpeg,k-central-america,2024-10-25 17:34:03
original_2868136470_1.jpeg,3152226,Bombax ceiba,1.4949999999999999,"Chrysuronia coeruleogularis (Gould, 1851)",10962601,8.467355,-79.963646,33566.0,NORTH_AMERICA,Panamá Oeste,,,,2020-02-27T09:39,False,Wavell Fogleman,iNaturalist,http://creativecommons.org/licenses/by-nc/4.0/,Wavell Fogleman,https://inaturalist-open-data.s3.amazonaws.com/photos/90457403/original.jpeg,k-central-america,2024-10-25 17:34:05
original_2868300636_1.jpeg,2895593,Genipa americana,1.577,"Chrysuronia coeruleogularis (Gould, 1851)",10962601,7.545839,-80.949574,34.0,NORTH_AMERICA,Veraguas,,,,2020-09-16T08:15:16,False,Rodrigo Baez,iNaturalist,http://creativecommons.org/licenses/by-nc/4.0/,Rodrigo Baez,https://inaturalist-open-data.s3.amazonaws.com/photos/95537046/original.jpeg,k-central-america,2024-10-25 17:34:07
original_2882985499_1.jpeg,5406696,Ceiba aesculifolia,1.8610000000000002,"Chrysuronia coeruleogularis (Gould, 1851)",10962601,7.54551,-80.949606,4.0,NORTH_AMERICA,Veraguas,,,,2020-09-09T17:04,False,Rodrigo Baez,iNaturalist,http://creativecommons.org/licenses/by-nc/4.0/,Rodrigo Baez,https://inaturalist-open-data.s3.amazonaws.com/photos/94554504/original.jpeg,k-central-america,2024-10-25 17:34:09
original_2963743339_1.jpeg,3172492,Tecoma stans,56.152,"Chrysuronia coeruleogularis (Gould, 1851)",10962601,8.933319,-79.546539,,NORTH_AMERICA,Panamá,,,,2019-12-02T10:37,False,Jonathan Eisen,iNaturalist,http://creativecommons.org/licenses/by/4.0/,Jonathan Eisen,https://inaturalist-open-data.s3.amazonaws.com/photos/57354550/original.jpeg; https://inaturalist-open-data.s3.amazonaws.com/photos/57354552/original.jpeg; https://inaturalist-open-data.s3.amazonaws.com/photos/57354555/original.jpeg; https://inaturalist-open-data.s3.amazonaws.com/photos/61984710/original.jpg; https://inaturalist-open-data.s3.amazonaws.com/photos/61984712/original.jpg; https://inaturalist-open-data.s3.amazonaws.com/photos/61984715/original.jpg; https://inaturalist-open-data.s3.amazonaws.com/photos/61984716/original.jpg; https://inaturalist-open-data.s3.amazonaws.com/photos/61984717/original.jpg,k-central-america,2024-10-25 17:34:18
original_2963743339_2.jpg,7303780,Erblichia odorata,3.366,"Chrysuronia coeruleogularis (Gould, 1851)",10962601,8.933319,-79.546539,,NORTH_AMERICA,Panamá,,,,2019-12-02T10:37,False,Jonathan Eisen,iNaturalist,http://creativecommons.org/licenses/by/4.0/,Jonathan Eisen,https://inaturalist-open-data.s3.amazonaws.com/photos/57354550/original.jpeg; https://inaturalist-open-data.s3.amazonaws.com/photos/57354552/original.jpeg; https://inaturalist-open-data.s3.amazonaws.com/photos/57354555/original.jpeg; https://inaturalist-open-data.s3.amazonaws.com/photos/61984710/original.jpg; https://inaturalist-open-data.s3.amazonaws.com/photos/61984712/original.jpg; https://inaturalist-open-data.s3.amazonaws.com/photos/61984715/original.jpg; https://inaturalist-open-data.s3.amazonaws.com/photos/61984716/original.jpg; https://inaturalist-open-data.s3.amazonaws.com/photos/61984717/original.jpg,k-central-america,2024-10-25 17:34:20
original_2963743339_3.jpg,3795445,Vachellia macracantha,42.431000000000004,"Chrysuronia coeruleogularis (Gould, 1851)",10962601,8.933319,-79.546539,,NORTH_AMERICA,Panamá,,,,2019-12-02T10:37,False,Jonathan Eisen,iNaturalist,http://creativecommons.org/licenses/by/4.0/,Jonathan Eisen,https://inaturalist-open-data.s3.amazonaws.com/photos/57354550/original.jpeg; https://inaturalist-open-data.s3.amazonaws.com/photos/57354552/original.jpeg; https://inaturalist-open-data.s3.amazonaws.com/photos/57354555/original.jpeg; https://inaturalist-open-data.s3.amazonaws.com/photos/61984710/original.jpg; https://inaturalist-open-data.s3.amazonaws.com/photos/61984712/original.jpg; https://inaturalist-open-data.s3.amazonaws.com/photos/61984715/original.jpg; https://inaturalist-open-data.s3.amazonaws.com/photos/61984716/original.jpg; https://inaturalist-open-data.s3.amazonaws.com/photos/61984717/original.jpg,k-central-america,2024-10-25 17:34:22
original_2963743339_6.jpg,3795445,Vachellia macracantha,13.418,"Chrysuronia coeruleogularis (Gould, 1851)",10962601,8.933319,-79.546539,,NORTH_AMERICA,Panamá,,,,2019-12-02T10:37,False,Jonathan Eisen,iNaturalist,http://creativecommons.org/licenses/by/4.0/,Jonathan Eisen,https://inaturalist-open-data.s3.amazonaws.com/photos/57354550/original.jpeg; https://inaturalist-open-data.s3.amazonaws.com/photos/57354552/original.jpeg; https://inaturalist-open-data.s3.amazonaws.com/photos/57354555/original.jpeg; https://inaturalist-open-data.s3.amazonaws.com/photos/61984710/original.jpg; https://inaturalist-open-data.s3.amazonaws.com/photos/61984712/original.jpg; https://inaturalist-open-data.s3.amazonaws.com/photos/61984715/original.jpg; https://inaturalist-open-data.s3.amazonaws.com/photos/61984716/original.jpg; https://inaturalist-open-data.s3.amazonaws.com/photos/61984717/original.jpg,k-central-america,2024-10-25 17:34:28
original_2963743339_7.jpg,3172492,Tecoma stans,72.94,"Chrysuronia coeruleogularis (Gould, 1851)",10962601,8.933319,-79.546539,,NORTH_AMERICA,Panamá,,,,2019-12-02T10:37,False,Jonathan Eisen,iNaturalist,http://creativecommons.org/licenses/by/4.0/,Jonathan Eisen,https://inaturalist-open-data.s3.amazonaws.com/photos/57354550/original.jpeg; https://inaturalist-open-data.s3.amazonaws.com/photos/57354552/original.jpeg; https://inaturalist-open-data.s3.amazonaws.com/photos/57354555/original.jpeg; https://inaturalist-open-data.s3.amazonaws.com/photos/61984710/original.jpg; https://inaturalist-open-data.s3.amazonaws.com/photos/61984712/original.jpg; https://inaturalist-open-data.s3.amazonaws.com/photos/61984715/original.jpg; https://inaturalist-open-data.s3.amazonaws.com/photos/61984716/original.jpg; https://inaturalist-open-data.s3.amazonaws.com/photos/61984717/original.jpg,k-central-america,2024-10-25 17:34:30
original_2963743339_8.jpg,3172492,Tecoma stans,75.727,"Chrysuronia coeruleogularis (Gould, 1851)",10962601,8.933319,-79.546539,,NORTH_AMERICA,Panamá,,,,2019-12-02T10:37,False,Jonathan Eisen,iNaturalist,http://creativecommons.org/licenses/by/4.0/,Jonathan Eisen,https://inaturalist-open-data.s3.amazonaws.com/photos/57354550/original.jpeg; https://inaturalist-open-data.s3.amazonaws.com/photos/57354552/original.jpeg; https://inaturalist-open-data.s3.amazonaws.com/photos/57354555/original.jpeg; https://inaturalist-open-data.s3.amazonaws.com/photos/61984710/original.jpg; https://inaturalist-open-data.s3.amazonaws.com/photos/61984712/original.jpg; https://inaturalist-open-data.s3.amazonaws.com/photos/61984715/original.jpg; https://inaturalist-open-data.s3.amazonaws.com/photos/61984716/original.jpg; https://inaturalist-open-data.s3.amazonaws.com/photos/61984717/original.jpg,k-central-america,2024-10-25 17:34:32
original_2981141370_1.jpeg,4092242,Handroanthus impetiginosus,9.643,"Chrysuronia coeruleogularis (Gould, 1851)",10962601,9.046464,-79.479912,203.0,NORTH_AMERICA,Panamá,,,,2020-02-23T09:17,False,Guillermo J. Fadul R.,iNaturalist,http://creativecommons.org/licenses/by/4.0/,Guillermo J. Fadul R.,https://inaturalist-open-data.s3.amazonaws.com/photos/103409409/original.jpeg,k-central-america,2024-10-25 17:34:39
original_2988400475_1.jpeg,6109637,Cynodon dactylon,1.101,"Chrysuronia coeruleogularis (Gould, 1851)",10962601,7.545588,-80.949638,4.0,NORTH_AMERICA,Veraguas,,,,2020-11-19T08:08,False,Rodrigo Baez,iNaturalist,http://creativecommons.org/licenses/by-nc/4.0/,Rodrigo Baez,https://inaturalist-open-data.s3.amazonaws.com/photos/104956777/original.jpeg,k-central-america,2024-10-25 17:34:41
original_2988630433_1.jpg,3795445,Vachellia macracantha,5.3100000000000005,"Chrysuronia coeruleogularis (Gould, 1851)",10962601,8.994355,-79.525216,818.0,NORTH_AMERICA,Panamá,,,,2020-11-18T14:34,False,Andrés Matos,iNaturalist,http://creativecommons.org/licenses/by-nc/4.0/,Andrés Matos,https://inaturalist-open-data.s3.amazonaws.com/photos/104998938/original.jpg,k-central-america,2024-10-25 17:34:44
original_2992853581_1.jpeg,3079092,Hieronyma alchorneoides,4.614999999999999,"Chrysuronia coeruleogularis (Gould, 1851)",10962601,7.545522,-80.94958,4.0,NORTH_AMERICA,Veraguas,,,,2020-11-26T07:33,False,Rodrigo Baez,iNaturalist,http://creativecommons.org/licenses/by-nc/4.0/,Rodrigo Baez,https://inaturalist-open-data.s3.amazonaws.com/photos/105722839/original.jpeg,k-central-america,2024-10-25 17:34:50
original_2999090895_1.jpeg,5361926,Ficus americana,3.9510000000000005,"Chrysuronia coeruleogularis (Gould, 1851)",10962601,8.352903,-82.502346,7943.0,NORTH_AMERICA,Chiriquí,,,,2020-12-06T10:32,False,yasminch,iNaturalist,http://creativecommons.org/licenses/by-nc/4.0/,yasminch,https://inaturalist-open-data.s3.amazonaws.com/photos/106724414/original.jpeg,k-central-america,2024-10-25 17:34:52
original_2999138058_1.jpeg,2705621,Paspalum notatum,6.87,"Chrysuronia coeruleogularis (Gould, 1851)",10962601,8.38767,-82.511785,977.0,NORTH_AMERICA,Chiriquí,,,,2020-12-08T16:31,False,katiuska19,iNaturalist,http://creativecommons.org/licenses/by-nc/4.0/,katiuska19,https://inaturalist-open-data.s3.amazonaws.com/photos/106880504/original.jpeg,k-central-america,2024-10-25 17:34:55
original_3013857013_1.jpg,5406696,Ceiba aesculifolia,2.03,"Chrysuronia coeruleogularis (Gould, 1851)",10962601,8.994355,-79.525216,818.0,NORTH_AMERICA,Panamá,,,,2020-12-28T10:04,False,Andrés Matos,iNaturalist,http://creativecommons.org/licenses/by-nc/4.0/,Andrés Matos,https://inaturalist-open-data.s3.amazonaws.com/photos/108569515/original.jpg,k-central-america,2024-10-25 17:35:00
original_3013896025_1.jpg,2792457,Polystachya concreta,9.731,"Chrysuronia coeruleogularis (Gould, 1851)",10962601,8.994355,-79.525216,818.0,NORTH_AMERICA,Panamá,,,,2020-12-28T10:03,False,Andrés Matos,iNaturalist,http://creativecommons.org/licenses/by-nc/4.0/,Andrés Matos,https://inaturalist-open-data.s3.amazonaws.com/photos/108569511/original.jpg,k-central-america,2024-10-25 17:35:02
original_3017986848_1.jpeg,2702901,Leersia hexandra,4.4510000000000005,"Chrysuronia coeruleogularis (Gould, 1851)",10962601,8.333645,-82.678347,2830.0,NORTH_AMERICA,Chiriquí,,,,2020-12-13T17:19,False,Ricardo Brenes,iNaturalist,http://creativecommons.org/licenses/by-nc/4.0/,Ricardo Brenes,https://inaturalist-open-data.s3.amazonaws.com/photos/109105457/original.jpeg; https://inaturalist-open-data.s3.amazonaws.com/photos/109109499/original.jpeg; https://inaturalist-open-data.s3.amazonaws.com/photos/109109507/original.jpeg; https://inaturalist-open-data.s3.amazonaws.com/photos/109109510/original.jpeg; https://inaturalist-open-data.s3.amazonaws.com/photos/109109533/original.jpeg; https://inaturalist-open-data.s3.amazonaws.com/photos/109109546/original.jpeg; https://inaturalist-open-data.s3.amazonaws.com/photos/109109550/original.jpeg; https://inaturalist-open-data.s3.amazonaws.com/photos/109109587/original.jpeg; https://inaturalist-open-data.s3.amazonaws.com/photos/109109593/original.jpeg,k-central-america,2024-10-25 17:35:07
original_3017986848_2.jpeg,2874574,Cucumis dipsaceus,2.539,"Chrysuronia coeruleogularis (Gould, 1851)",10962601,8.333645,-82.678347,2830.0,NORTH_AMERICA,Chiriquí,,,,2020-12-13T17:19,False,Ricardo Brenes,iNaturalist,http://creativecommons.org/licenses/by-nc/4.0/,Ricardo Brenes,https://inaturalist-open-data.s3.amazonaws.com/photos/109105457/original.jpeg; https://inaturalist-open-data.s3.amazonaws.com/photos/109109499/original.jpeg; https://inaturalist-open-data.s3.amazonaws.com/photos/109109507/original.jpeg; https://inaturalist-open-data.s3.amazonaws.com/photos/109109510/original.jpeg; https://inaturalist-open-data.s3.amazonaws.com/photos/109109533/original.jpeg; https://inaturalist-open-data.s3.amazonaws.com/photos/109109546/original.jpeg; https://inaturalist-open-data.s3.amazonaws.com/photos/109109550/original.jpeg; https://inaturalist-open-data.s3.amazonaws.com/photos/109109587/original.jpeg; https://inaturalist-open-data.s3.amazonaws.com/photos/109109593/original.jpeg,k-central-america,2024-10-25 17:35:09
original_3017986848_3.jpeg,2702901,Leersia hexandra,3.184,"Chrysuronia coeruleogularis (Gould, 1851)",10962601,8.333645,-82.678347,2830.0,NORTH_AMERICA,Chiriquí,,,,2020-12-13T17:19,False,Ricardo Brenes,iNaturalist,http://creativecommons.org/licenses/by-nc/4.0/,Ricardo Brenes,https://inaturalist-open-data.s3.amazonaws.com/photos/109105457/original.jpeg; https://inaturalist-open-data.s3.amazonaws.com/photos/109109499/original.jpeg; https://inaturalist-open-data.s3.amazonaws.com/photos/109109507/original.jpeg; https://inaturalist-open-data.s3.amazonaws.com/photos/109109510/original.jpeg; https://inaturalist-open-data.s3.amazonaws.com/photos/109109533/original.jpeg; https://inaturalist-open-data.s3.amazonaws.com/photos/109109546/original.jpeg; https://inaturalist-open-data.s3.amazonaws.com/photos/109109550/original.jpeg; https://inaturalist-open-data.s3.amazonaws.com/photos/109109587/original.jpeg; https://inaturalist-open-data.s3.amazonaws.com/photos/109109593/original.jpeg,k-central-america,2024-10-25 17:35:12
original_3017986848_4.jpeg,2702901,Leersia hexandra,2.724,"Chrysuronia coeruleogularis (Gould, 1851)",10962601,8.333645,-82.678347,2830.0,NORTH_AMERICA,Chiriquí,,,,2020-12-13T17:19,False,Ricardo Brenes,iNaturalist,http://creativecommons.org/licenses/by-nc/4.0/,Ricardo Brenes,https://inaturalist-open-data.s3.amazonaws.com/photos/109105457/original.jpeg; https://inaturalist-open-data.s3.amazonaws.com/photos/109109499/original.jpeg; https://inaturalist-open-data.s3.amazonaws.com/photos/109109507/original.jpeg; https://inaturalist-open-data.s3.amazonaws.com/photos/109109510/original.jpeg; https://inaturalist-open-data.s3.amazonaws.com/photos/109109533/original.jpeg; https://inaturalist-open-data.s3.amazonaws.com/photos/109109546/original.jpeg; https://inaturalist-open-data.s3.amazonaws.com/photos/109109550/original.jpeg; https://inaturalist-open-data.s3.amazonaws.com/photos/109109587/original.jpeg; https://inaturalist-open-data.s3.amazonaws.com/photos/109109593/original.jpeg,k-central-america,2024-10-25 17:35:14
original_3017986848_5.jpeg,2874574,Cucumis dipsaceus,2.466,"Chrysuronia coeruleogularis (Gould, 1851)",10962601,8.333645,-82.678347,2830.0,NORTH_AMERICA,Chiriquí,,,,2020-12-13T17:19,False,Ricardo Brenes,iNaturalist,http://creativecommons.org/licenses/by-nc/4.0/,Ricardo Brenes,https://inaturalist-open-data.s3.amazonaws.com/photos/109105457/original.jpeg; https://inaturalist-open-data.s3.amazonaws.com/photos/109109499/original.jpeg; https://inaturalist-open-data.s3.amazonaws.com/photos/109109507/original.jpeg; https://inaturalist-open-data.s3.amazonaws.com/photos/109109510/original.jpeg; https://inaturalist-open-data.s3.amazonaws.com/photos/109109533/original.jpeg; https://inaturalist-open-data.s3.amazonaws.com/photos/109109546/original.jpeg; https://inaturalist-open-data.s3.amazonaws.com/photos/109109550/original.jpeg; https://inaturalist-open-data.s3.amazonaws.com/photos/109109587/original.jpeg; https://inaturalist-open-data.s3.amazonaws.com/photos/109109593/original.jpeg,k-central-america,2024-10-25 17:35:16
original_3017986848_6.jpeg,7661971,Bambusa vulgaris,5.1209999999999996,"Chrysuronia coeruleogularis (Gould, 1851)",10962601,8.333645,-82.678347,2830.0,NORTH_AMERICA,Chiriquí,,,,2020-12-13T17:19,False,Ricardo Brenes,iNaturalist,http://creativecommons.org/licenses/by-nc/4.0/,Ricardo Brenes,https://inaturalist-open-data.s3.amazonaws.com/photos/109105457/original.jpeg; https://inaturalist-open-data.s3.amazonaws.com/photos/109109499/original.jpeg; https://inaturalist-open-data.s3.amazonaws.com/photos/109109507/original.jpeg; https://inaturalist-open-data.s3.amazonaws.com/photos/109109510/original.jpeg; https://inaturalist-open-data.s3.amazonaws.com/photos/109109533/original.jpeg; https://inaturalist-open-data.s3.amazonaws.com/photos/109109546/original.jpeg; https://inaturalist-open-data.s3.amazonaws.com/photos/109109550/original.jpeg; https://inaturalist-open-data.s3.amazonaws.com/photos/109109587/original.jpeg; https://inaturalist-open-data.s3.amazonaws.com/photos/109109593/original.jpeg,k-central-america,2024-10-25 17:35:18
original_3017986848_7.jpeg,3170223,Funastrum clausum,6.507000000000001,"Chrysuronia coeruleogularis (Gould, 1851)",10962601,8.333645,-82.678347,2830.0,NORTH_AMERICA,Chiriquí,,,,2020-12-13T17:19,False,Ricardo Brenes,iNaturalist,http://creativecommons.org/licenses/by-nc/4.0/,Ricardo Brenes,https://inaturalist-open-data.s3.amazonaws.com/photos/109105457/original.jpeg; https://inaturalist-open-data.s3.amazonaws.com/photos/109109499/original.jpeg; https://inaturalist-open-data.s3.amazonaws.com/photos/109109507/original.jpeg; https://inaturalist-open-data.s3.amazonaws.com/photos/109109510/original.jpeg; https://inaturalist-open-data.s3.amazonaws.com/photos/109109533/original.jpeg; https://inaturalist-open-data.s3.amazonaws.com/photos/109109546/original.jpeg; https://inaturalist-open-data.s3.amazonaws.com/photos/109109550/original.jpeg; https://inaturalist-open-data.s3.amazonaws.com/photos/109109587/original.jpeg; https://inaturalist-open-data.s3.amazonaws.com/photos/109109593/original.jpeg,k-central-america,2024-10-25 17:35:21
original_3017986848_8.jpeg,2705584,Paspalum plicatulum,3.5090000000000003,"Chrysuronia coeruleogularis (Gould, 1851)",10962601,8.333645,-82.678347,2830.0,NORTH_AMERICA,Chiriquí,,,,2020-12-13T17:19,False,Ricardo Brenes,iNaturalist,http://creativecommons.org/licenses/by-nc/4.0/,Ricardo Brenes,https://inaturalist-open-data.s3.amazonaws.com/photos/109105457/original.jpeg; https://inaturalist-open-data.s3.amazonaws.com/photos/109109499/original.jpeg; https://inaturalist-open-data.s3.amazonaws.com/photos/109109507/original.jpeg; https://inaturalist-open-data.s3.amazonaws.com/photos/109109510/original.jpeg; https://inaturalist-open-data.s3.amazonaws.com/photos/109109533/original.jpeg; https://inaturalist-open-data.s3.amazonaws.com/photos/109109546/original.jpeg; https://inaturalist-open-data.s3.amazonaws.com/photos/109109550/original.jpeg; https://inaturalist-open-data.s3.amazonaws.com/photos/109109587/original.jpeg; https://inaturalist-open-data.s3.amazonaws.com/photos/109109593/original.jpeg,k-central-america,2024-10-25 17:35:23
original_3017986848_9.jpeg,2874574,Cucumis dipsaceus,2.459,"Chrysuronia coeruleogularis (Gould, 1851)",10962601,8.333645,-82.678347,2830.0,NORTH_AMERICA,Chiriquí,,,,2020-12-13T17:19,False,Ricardo Brenes,iNaturalist,http://creativecommons.org/licenses/by-nc/4.0/,Ricardo Brenes,https://inaturalist-open-data.s3.amazonaws.com/photos/109105457/original.jpeg; https://inaturalist-open-data.s3.amazonaws.com/photos/109109499/original.jpeg; https://inaturalist-open-data.s3.amazonaws.com/photos/109109507/original.jpeg; https://inaturalist-open-data.s3.amazonaws.com/photos/109109510/original.jpeg; https://inaturalist-open-data.s3.amazonaws.com/photos/109109533/original.jpeg; https://inaturalist-open-data.s3.amazonaws.com/photos/109109546/original.jpeg; https://inaturalist-open-data.s3.amazonaws.com/photos/109109550/original.jpeg; https://inaturalist-open-data.s3.amazonaws.com/photos/109109587/original.jpeg; https://inaturalist-open-data.s3.amazonaws.com/photos/109109593/original.jpeg,k-central-america,2024-10-25 17:35:26
original_3031688635_1.jpeg,5406662,Luehea speciosa,3.7039999999999997,"Chrysuronia coeruleogularis (Gould, 1851)",10962601,7.54282,-80.951748,8.0,NORTH_AMERICA,Veraguas,,,,2021-01-23T17:28,False,Rodrigo Baez,iNaturalist,http://creativecommons.org/licenses/by-nc/4.0/,Rodrigo Baez,https://inaturalist-open-data.s3.amazonaws.com/photos/110963494/original.jpeg,k-central-america,2024-10-25 17:35:30
original_3031707930_1.jpg,2874119,Xylosma flexuosa,5.559,"Chrysuronia coeruleogularis (Gould, 1851)",10962601,8.994355,-79.525216,818.0,NORTH_AMERICA,Panamá,,,,2021-01-10T17:23,False,Andrés Matos,iNaturalist,http://creativecommons.org/licenses/by-nc/4.0/,Andrés Matos,https://inaturalist-open-data.s3.amazonaws.com/photos/110261029/original.jpg,k-central-america,2024-10-25 17:35:33
original_3031746216_1.jpeg,6109699,Phoenix dactylifera,2.5020000000000002,"Chrysuronia coeruleogularis (Gould, 1851)",10962601,8.516803,-80.365225,15.0,NORTH_AMERICA,Coclé,,,,2021-01-10T14:15,False,Vicente,iNaturalist,http://creativecommons.org/licenses/by-nc/4.0/,Vicente,https://inaturalist-open-data.s3.amazonaws.com/photos/110548066/original.jpeg,k-central-america,2024-10-25 17:35:35
original_3031775567_1.jpeg,3152559,Hibiscus rosa-sinensis,27.961999999999996,"Chrysuronia coeruleogularis (Gould, 1851)",10962601,7.545651,-80.949555,7.0,NORTH_AMERICA,Veraguas,,,,2021-01-23T17:39,False,Rodrigo Baez,iNaturalist,http://creativecommons.org/licenses/by-nc/4.0/,Rodrigo Baez,https://inaturalist-open-data.s3.amazonaws.com/photos/110963926/original.jpeg,k-central-america,2024-10-25 17:35:37
original_3031794933_1.jpg,2930137,Solanum lycopersicum,5.979,"Chrysuronia coeruleogularis (Gould, 1851)",10962601,8.994355,-79.525216,818.0,NORTH_AMERICA,Panamá,,,,2021-01-10T15:29,False,Andrés Matos,iNaturalist,http://creativecommons.org/licenses/by-nc/4.0/,Andrés Matos,https://inaturalist-open-data.s3.amazonaws.com/photos/110261013/original.jpg,k-central-america,2024-10-25 17:35:40
original_3032074799_1.jpeg,3063705,Hippomane mancinella,2.25,"Chrysuronia coeruleogularis (Gould, 1851)",10962601,8.915536,-78.392755,1351.0,NORTH_AMERICA,Panamá,,,,2019-06-07T12:27,False,Sarab Seth,iNaturalist,http://creativecommons.org/licenses/by-nc/4.0/,Sarab Seth,https://inaturalist-open-data.s3.amazonaws.com/photos/110145278/original.jpeg,k-central-america,2024-10-25 17:35:48
original_3032092210_3.jpeg,2904009,Calycophyllum candidissimum,1.082,"Chrysuronia coeruleogularis (Gould, 1851)",10962601,8.516505,-80.365182,,NORTH_AMERICA,Coclé,,,,2021-01-16T17:09,False,Vicente,iNaturalist,http://creativecommons.org/licenses/by-nc/4.0/,Vicente,https://inaturalist-open-data.s3.amazonaws.com/photos/110551392/original.jpeg; https://inaturalist-open-data.s3.amazonaws.com/photos/110551575/original.jpeg; https://inaturalist-open-data.s3.amazonaws.com/photos/110551760/original.jpeg; https://inaturalist-open-data.s3.amazonaws.com/photos/110551944/original.jpeg; https://inaturalist-open-data.s3.amazonaws.com/photos/110552071/original.jpeg; https://inaturalist-open-data.s3.amazonaws.com/photos/110552199/original.jpeg; https://inaturalist-open-data.s3.amazonaws.com/photos/110552296/original.jpeg; https://inaturalist-open-data.s3.amazonaws.com/photos/110552405/original.jpeg; https://inaturalist-open-data.s3.amazonaws.com/photos/110552518/original.jpeg,k-central-america,2024-10-25 17:35:55
original_3032092210_4.jpeg,2970712,Sesbania drummondii,2.086,"Chrysuronia coeruleogularis (Gould, 1851)",10962601,8.516505,-80.365182,,NORTH_AMERICA,Coclé,,,,2021-01-16T17:09,False,Vicente,iNaturalist,http://creativecommons.org/licenses/by-nc/4.0/,Vicente,https://inaturalist-open-data.s3.amazonaws.com/photos/110551392/original.jpeg; https://inaturalist-open-data.s3.amazonaws.com/photos/110551575/original.jpeg; https://inaturalist-open-data.s3.amazonaws.com/photos/110551760/original.jpeg; https://inaturalist-open-data.s3.amazonaws.com/photos/110551944/original.jpeg; https://inaturalist-open-data.s3.amazonaws.com/photos/110552071/original.jpeg; https://inaturalist-open-data.s3.amazonaws.com/photos/110552199/original.jpeg; https://inaturalist-open-data.s3.amazonaws.com/photos/110552296/original.jpeg; https://inaturalist-open-data.s3.amazonaws.com/photos/110552405/original.jpeg; https://inaturalist-open-data.s3.amazonaws.com/photos/110552518/original.jpeg,k-central-america,2024-10-25 17:35:57
original_3032092210_5.jpeg,2703494,Trachypogon spicatus,0.58,"Chrysuronia coeruleogularis (Gould, 1851)",10962601,8.516505,-80.365182,,NORTH_AMERICA,Coclé,,,,2021-01-16T17:09,False,Vicente,iNaturalist,http://creativecommons.org/licenses/by-nc/4.0/,Vicente,https://inaturalist-open-data.s3.amazonaws.com/photos/110551392/original.jpeg; https://inaturalist-open-data.s3.amazonaws.com/photos/110551575/original.jpeg; https://inaturalist-open-data.s3.amazonaws.com/photos/110551760/original.jpeg; https://inaturalist-open-data.s3.amazonaws.com/photos/110551944/original.jpeg; https://inaturalist-open-data.s3.amazonaws.com/photos/110552071/original.jpeg; https://inaturalist-open-data.s3.amazonaws.com/photos/110552199/original.jpeg; https://inaturalist-open-data.s3.amazonaws.com/photos/110552296/original.jpeg; https://inaturalist-open-data.s3.amazonaws.com/photos/110552405/original.jpeg; https://inaturalist-open-data.s3.amazonaws.com/photos/110552518/original.jpeg,k-central-america,2024-10-25 17:36:00
original_3032092210_7.jpeg,2704093,Bothriochloa bladhii,0.677,"Chrysuronia coeruleogularis (Gould, 1851)",10962601,8.516505,-80.365182,,NORTH_AMERICA,Coclé,,,,2021-01-16T17:09,False,Vicente,iNaturalist,http://creativecommons.org/licenses/by-nc/4.0/,Vicente,https://inaturalist-open-data.s3.amazonaws.com/photos/110551392/original.jpeg; https://inaturalist-open-data.s3.amazonaws.com/photos/110551575/original.jpeg; https://inaturalist-open-data.s3.amazonaws.com/photos/110551760/original.jpeg; https://inaturalist-open-data.s3.amazonaws.com/photos/110551944/original.jpeg; https://inaturalist-open-data.s3.amazonaws.com/photos/110552071/original.jpeg; https://inaturalist-open-data.s3.amazonaws.com/photos/110552199/original.jpeg; https://inaturalist-open-data.s3.amazonaws.com/photos/110552296/original.jpeg; https://inaturalist-open-data.s3.amazonaws.com/photos/110552405/original.jpeg; https://inaturalist-open-data.s3.amazonaws.com/photos/110552518/original.jpeg,k-central-america,2024-10-25 17:36:04
original_3032092210_9.jpeg,7981652,Rhabdadenia biflora,1.625,"Chrysuronia coeruleogularis (Gould, 1851)",10962601,8.516505,-80.365182,,NORTH_AMERICA,Coclé,,,,2021-01-16T17:09,False,Vicente,iNaturalist,http://creativecommons.org/licenses/by-nc/4.0/,Vicente,https://inaturalist-open-data.s3.amazonaws.com/photos/110551392/original.jpeg; https://inaturalist-open-data.s3.amazonaws.com/photos/110551575/original.jpeg; https://inaturalist-open-data.s3.amazonaws.com/photos/110551760/original.jpeg; https://inaturalist-open-data.s3.amazonaws.com/photos/110551944/original.jpeg; https://inaturalist-open-data.s3.amazonaws.com/photos/110552071/original.jpeg; https://inaturalist-open-data.s3.amazonaws.com/photos/110552199/original.jpeg; https://inaturalist-open-data.s3.amazonaws.com/photos/110552296/original.jpeg; https://inaturalist-open-data.s3.amazonaws.com/photos/110552405/original.jpeg; https://inaturalist-open-data.s3.amazonaws.com/photos/110552518/original.jpeg,k-central-america,2024-10-25 17:36:08
original_3032130170_2.jpeg,5421144,Dodonaea viscosa,3.9419999999999997,"Chrysuronia coeruleogularis (Gould, 1851)",10962601,8.516507,-80.365172,,NORTH_AMERICA,Coclé,,,,2021-01-03T16:57,False,Vicente,iNaturalist,http://creativecommons.org/licenses/by-nc/4.0/,Vicente,https://inaturalist-open-data.s3.amazonaws.com/photos/110544213/original.jpeg; https://inaturalist-open-data.s3.amazonaws.com/photos/110544334/original.jpeg; https://inaturalist-open-data.s3.amazonaws.com/photos/110544484/original.jpeg; https://inaturalist-open-data.s3.amazonaws.com/photos/110544623/original.jpeg; https://inaturalist-open-data.s3.amazonaws.com/photos/110544772/original.jpeg,k-central-america,2024-10-25 17:36:13
original_3032130170_4.jpeg,5421144,Dodonaea viscosa,1.616,"Chrysuronia coeruleogularis (Gould, 1851)",10962601,8.516507,-80.365172,,NORTH_AMERICA,Coclé,,,,2021-01-03T16:57,False,Vicente,iNaturalist,http://creativecommons.org/licenses/by-nc/4.0/,Vicente,https://inaturalist-open-data.s3.amazonaws.com/photos/110544213/original.jpeg; https://inaturalist-open-data.s3.amazonaws.com/photos/110544334/original.jpeg; https://inaturalist-open-data.s3.amazonaws.com/photos/110544484/original.jpeg; https://inaturalist-open-data.s3.amazonaws.com/photos/110544623/original.jpeg; https://inaturalist-open-data.s3.amazonaws.com/photos/110544772/original.jpeg,k-central-america,2024-10-25 17:36:18
original_3039223423_1.jpeg,5406696,Ceiba aesculifolia,55.021,"Chrysuronia coeruleogularis (Gould, 1851)",10962601,8.388305,-82.487925,53.0,NORTH_AMERICA,Chiriquí,,,,2021-02-03T16:04,False,yasminch,iNaturalist,http://creativecommons.org/licenses/by-nc/4.0/,yasminch,https://inaturalist-open-data.s3.amazonaws.com/photos/111931035/original.jpeg,k-central-america,2024-10-25 17:36:22
original_3039507917_1.jpg,2925393,Citharexylum caudatum,15.926000000000002,"Chrysuronia coeruleogularis (Gould, 1851)",10962601,9.403149,-79.871448,4.0,NORTH_AMERICA,Colón,,,,2021-02-08T09:01,False,Samuel Valdes,iNaturalist,http://creativecommons.org/licenses/by-nc-nd/4.0/,Samuel Valdes,https://inaturalist-open-data.s3.amazonaws.com/photos/112411948/original.jpg,k-central-america,2024-10-25 17:36:29
original_3044595056_1.jpeg,3190450,Bursera simaruba,5.135,"Chrysuronia coeruleogularis (Gould, 1851)",10962601,7.545565,-80.949502,12.0,NORTH_AMERICA,Veraguas,,,,2021-02-13T08:10,False,Rodrigo Baez,iNaturalist,http://creativecommons.org/licenses/by-nc/4.0/,Rodrigo Baez,https://inaturalist-open-data.s3.amazonaws.com/photos/112834447/original.jpeg,k-central-america,2024-10-25 17:36:30
original_3044908035_1.jpeg,2925303,Lantana camara,35.282000000000004,"Chrysuronia coeruleogularis (Gould, 1851)",10962601,8.932221,-79.544635,226.0,NORTH_AMERICA,Panamá,,,,2019-06-06,False,Jonathan Mills-Anderson,iNaturalist,http://creativecommons.org/licenses/by-nc/4.0/,Jonathan Mills-Anderson,https://inaturalist-open-data.s3.amazonaws.com/photos/113803974/original.jpeg,k-central-america,2024-10-25 17:36:33
original_3058876513_2.jpeg,3054262,Crateva tapia,1.923,"Chrysuronia coeruleogularis (Gould, 1851)",10962601,7.444833,-80.141285,,NORTH_AMERICA,Los Santos,,,,2021-02-25T11:26,False,Vicente,iNaturalist,http://creativecommons.org/licenses/by-nc/4.0/,Vicente,https://inaturalist-open-data.s3.amazonaws.com/photos/115343179/original.jpeg; https://inaturalist-open-data.s3.amazonaws.com/photos/115343228/original.jpeg,k-central-america,2024-10-25 17:36:39
original_3058959753_1.jpg,5341746,Operculina pinnatifida,7.661,"Chrysuronia coeruleogularis (Gould, 1851)",10962601,9.085789,-79.462944,65.0,NORTH_AMERICA,Panamá,,,,2021-02-21T09:03:05,False,chriscoto507,iNaturalist,http://creativecommons.org/licenses/by-nc/4.0/,chriscoto507,https://inaturalist-open-data.s3.amazonaws.com/photos/113570765/original.jpg; https://inaturalist-open-data.s3.amazonaws.com/photos/113570773/original.jpg; https://inaturalist-open-data.s3.amazonaws.com/photos/113570778/original.jpg,k-central-america,2024-10-25 17:36:41
original_3058959753_2.jpg,5341746,Operculina pinnatifida,4.656,"Chrysuronia coeruleogularis (Gould, 1851)",10962601,9.085789,-79.462944,65.0,NORTH_AMERICA,Panamá,,,,2021-02-21T09:03:05,False,chriscoto507,iNaturalist,http://creativecommons.org/licenses/by-nc/4.0/,chriscoto507,https://inaturalist-open-data.s3.amazonaws.com/photos/113570765/original.jpg; https://inaturalist-open-data.s3.amazonaws.com/photos/113570773/original.jpg; https://inaturalist-open-data.s3.amazonaws.com/photos/113570778/original.jpg,k-central-america,2024-10-25 17:36:43
original_3058959753_3.jpg,5341746,Operculina pinnatifida,9.916,"Chrysuronia coeruleogularis (Gould, 1851)",10962601,9.085789,-79.462944,65.0,NORTH_AMERICA,Panamá,,,,2021-02-21T09:03:05,False,chriscoto507,iNaturalist,http://creativecommons.org/licenses/by-nc/4.0/,chriscoto507,https://inaturalist-open-data.s3.amazonaws.com/photos/113570765/original.jpg; https://inaturalist-open-data.s3.amazonaws.com/photos/113570773/original.jpg; https://inaturalist-open-data.s3.amazonaws.com/photos/113570778/original.jpg,k-central-america,2024-10-25 17:36:45
original_3067601575_1.jpg,7944396,Ficus pertusa,7.91,"Chrysuronia coeruleogularis (Gould, 1851)",10962601,9.010805,-79.461513,109.0,NORTH_AMERICA,Panamá,,,,2019-04-27T15:30:12,False,Rosabel Miro,iNaturalist,http://creativecommons.org/licenses/by-nc/4.0/,Rosabel Miro,https://inaturalist-open-data.s3.amazonaws.com/photos/38137723/original.jpg,k-central-america,2024-10-25 17:36:51
original_3090569038_1.jpeg,3740764,Russelia sarmentosa,43.3,"Chrysuronia coeruleogularis (Gould, 1851)",10962601,8.931607,-79.544914,4.0,NORTH_AMERICA,Panamá,,,,2021-03-21T08:58,False,Rosabel Miro,iNaturalist,http://creativecommons.org/licenses/by-nc/4.0/,Rosabel Miro,https://inaturalist-open-data.s3.amazonaws.com/photos/119755686/original.jpeg,k-central-america,2024-10-25 17:36:55
original_3096990375_1.jpg,2874119,Xylosma flexuosa,2.278,"Chrysuronia coeruleogularis (Gould, 1851)",10962601,9.401093,-79.864609,138.0,NORTH_AMERICA,Colón,,,,2020-01-05T08:42:32,False,Aitor,iNaturalist,http://creativecommons.org/licenses/by/4.0/,Aitor,https://inaturalist-open-data.s3.amazonaws.com/photos/59190316/original.jpg,k-central-america,2024-10-25 17:36:58
original_3096994467_2.jpg,2943053,Chloroleucon mangense,2.5180000000000002,"Chrysuronia coeruleogularis (Gould, 1851)",10962601,8.90383,-79.589853,,NORTH_AMERICA,Panamá Oeste,,,,2020-11-28T09:39:54,False,Aitor,iNaturalist,http://creativecommons.org/licenses/by/4.0/,Aitor,https://inaturalist-open-data.s3.amazonaws.com/photos/105910184/original.jpg; https://inaturalist-open-data.s3.amazonaws.com/photos/105910194/original.jpg,k-central-america,2024-10-25 17:37:02
original_3097004350_2.jpg,7869676,Helicteres guazumifolia,6.524000000000001,"Chrysuronia coeruleogularis (Gould, 1851)",10962601,8.931598,-79.544722,236.0,NORTH_AMERICA,Panamá,,,,2019-05-29T11:11:34,False,Aitor,iNaturalist,http://creativecommons.org/licenses/by/4.0/,Aitor,https://inaturalist-open-data.s3.amazonaws.com/photos/40373917/original.jpg; https://inaturalist-open-data.s3.amazonaws.com/photos/40373932/original.jpg,k-central-america,2024-10-25 17:37:14
original_3097004465_1.jpg,2870944,Philodendron fragrantissimum,0.761,"Chrysuronia coeruleogularis (Gould, 1851)",10962601,8.904401,-79.588815,22.0,NORTH_AMERICA,Panamá Oeste,,,,2020-09-07T16:23:21,False,Aitor,iNaturalist,http://creativecommons.org/licenses/by/4.0/,Aitor,https://inaturalist-open-data.s3.amazonaws.com/photos/94058267/original.jpg; https://inaturalist-open-data.s3.amazonaws.com/photos/94058388/original.jpg,k-central-america,2024-10-25 17:37:16
original_3097025376_1.jpg,5349620,Erythrina fusca,94.075,"Chrysuronia coeruleogularis (Gould, 1851)",10962601,9.019366,-79.437769,22.0,NORTH_AMERICA,Panamá,,,,2020-01-29T09:29:51,False,Aitor,iNaturalist,http://creativecommons.org/licenses/by/4.0/,Aitor,https://inaturalist-open-data.s3.amazonaws.com/photos/60518699/original.jpg,k-central-america,2024-10-25 17:37:25
original_3097032384_1.jpg,5353568,Neptunia plena,9.225999999999999,"Chrysuronia coeruleogularis (Gould, 1851)",10962601,8.903635,-79.589988,26.0,NORTH_AMERICA,Panamá Oeste,,,,2020-05-23T16:23:19,False,Aitor,iNaturalist,http://creativecommons.org/licenses/by/4.0/,Aitor,https://inaturalist-open-data.s3.amazonaws.com/photos/74642242/original.jpg,k-central-america,2024-10-25 17:37:27
original_3097035331_1.jpg,3190164,Citrus × aurantiifolia,7.148000000000001,"Chrysuronia coeruleogularis (Gould, 1851)",10962601,8.921243,-78.398337,,NORTH_AMERICA,Panamá,,,,2019-04-17T13:26:57,False,Aitor,iNaturalist,http://creativecommons.org/licenses/by/4.0/,Aitor,https://inaturalist-open-data.s3.amazonaws.com/photos/35112992/original.jpg,k-central-america,2024-10-25 17:37:29
original_3097062326_1.jpg,2925303,Lantana camara,85.675,"Chrysuronia coeruleogularis (Gould, 1851)",10962601,8.931408,-79.54479,,NORTH_AMERICA,Panamá,,,,2018-12-21T10:26:13,False,Aitor,iNaturalist,http://creativecommons.org/licenses/by/4.0/,Aitor,https://inaturalist-open-data.s3.amazonaws.com/photos/29387684/original.jpg; https://inaturalist-open-data.s3.amazonaws.com/photos/29387688/original.jpg; https://inaturalist-open-data.s3.amazonaws.com/photos/29387694/original.jpg; https://inaturalist-open-data.s3.amazonaws.com/photos/29387701/original.jpg,k-central-america,2024-10-25 17:37:32
original_3097062326_2.jpg,2925303,Lantana camara,85.49600000000001,"Chrysuronia coeruleogularis (Gould, 1851)",10962601,8.931408,-79.54479,,NORTH_AMERICA,Panamá,,,,2018-12-21T10:26:13,False,Aitor,iNaturalist,http://creativecommons.org/licenses/by/4.0/,Aitor,https://inaturalist-open-data.s3.amazonaws.com/photos/29387684/original.jpg; https://inaturalist-open-data.s3.amazonaws.com/photos/29387688/original.jpg; https://inaturalist-open-data.s3.amazonaws.com/photos/29387694/original.jpg; https://inaturalist-open-data.s3.amazonaws.com/photos/29387701/original.jpg,k-central-america,2024-10-25 17:37:34
original_3097062326_3.jpg,2925303,Lantana camara,88.723,"Chrysuronia coeruleogularis (Gould, 1851)",10962601,8.931408,-79.54479,,NORTH_AMERICA,Panamá,,,,2018-12-21T10:26:13,False,Aitor,iNaturalist,http://creativecommons.org/licenses/by/4.0/,Aitor,https://inaturalist-open-data.s3.amazonaws.com/photos/29387684/original.jpg; https://inaturalist-open-data.s3.amazonaws.com/photos/29387688/original.jpg; https://inaturalist-open-data.s3.amazonaws.com/photos/29387694/original.jpg; https://inaturalist-open-data.s3.amazonaws.com/photos/29387701/original.jpg,k-central-america,2024-10-25 17:37:36
original_3097062326_4.jpg,2925303,Lantana camara,78.499,"Chrysuronia coeruleogularis (Gould, 1851)",10962601,8.931408,-79.54479,,NORTH_AMERICA,Panamá,,,,2018-12-21T10:26:13,False,Aitor,iNaturalist,http://creativecommons.org/licenses/by/4.0/,Aitor,https://inaturalist-open-data.s3.amazonaws.com/photos/29387684/original.jpg; https://inaturalist-open-data.s3.amazonaws.com/photos/29387688/original.jpg; https://inaturalist-open-data.s3.amazonaws.com/photos/29387694/original.jpg; https://inaturalist-open-data.s3.amazonaws.com/photos/29387701/original.jpg,k-central-america,2024-10-25 17:37:39
original_3097064449_1.jpg,5416675,Eugenia austin-smithii,1.393,"Chrysuronia coeruleogularis (Gould, 1851)",10962601,8.901327,-79.592655,,NORTH_AMERICA,Panamá Oeste,,,,2020-09-23T08:27:45,False,Aitor,iNaturalist,http://creativecommons.org/licenses/by/4.0/,Aitor,https://inaturalist-open-data.s3.amazonaws.com/photos/96818062/original.jpg; https://inaturalist-open-data.s3.amazonaws.com/photos/96818086/original.jpg; https://inaturalist-open-data.s3.amazonaws.com/photos/96818097/original.jpg,k-central-america,2024-10-25 17:37:42
original_3097065320_1.jpg,5384862,Bougainvillea glabra,73.223,"Chrysuronia coeruleogularis (Gould, 1851)",10962601,8.90339,-79.59169,,NORTH_AMERICA,Panamá Oeste,,,,2018-09-09T08:49:44,False,Aitor,iNaturalist,http://creativecommons.org/licenses/by/4.0/,Aitor,https://inaturalist-open-data.s3.amazonaws.com/photos/24587921/original.jpg,k-central-america,2024-10-25 17:37:48
original_3097078780_1.jpg,2705848,Urochloa mutica,3.3070000000000004,"Chrysuronia coeruleogularis (Gould, 1851)",10962601,8.904414,-79.588742,29.0,NORTH_AMERICA,Panamá Oeste,,,,2021-04-17T08:18:17,False,Aitor,iNaturalist,http://creativecommons.org/licenses/by/4.0/,Aitor,https://inaturalist-open-data.s3.amazonaws.com/photos/121311928/original.jpg,k-central-america,2024-10-25 17:37:50
original_3097080324_2.jpg,2930137,Solanum lycopersicum,2.6679999999999997,"Chrysuronia coeruleogularis (Gould, 1851)",10962601,8.921253,-78.398267,,NORTH_AMERICA,Panamá,,,,2019-04-17T13:15:26,False,Aitor,iNaturalist,http://creativecommons.org/licenses/by/4.0/,Aitor,https://inaturalist-open-data.s3.amazonaws.com/photos/35118298/original.jpg; https://inaturalist-open-data.s3.amazonaws.com/photos/35118306/original.jpg,k-central-america,2024-10-25 17:37:54
original_3097089321_1.jpg,5406679,Sterculia apetala,8.012,"Chrysuronia coeruleogularis (Gould, 1851)",10962601,8.930908,-79.544002,,NORTH_AMERICA,Panamá,,,,2019-03-05T09:44:15,False,Aitor,iNaturalist,http://creativecommons.org/licenses/by/4.0/,Aitor,https://inaturalist-open-data.s3.amazonaws.com/photos/32426665/original.jpg; https://inaturalist-open-data.s3.amazonaws.com/photos/32428760/original.jpg,k-central-america,2024-10-25 17:37:56
original_3097089321_2.jpg,5349620,Erythrina fusca,1.332,"Chrysuronia coeruleogularis (Gould, 1851)",10962601,8.930908,-79.544002,,NORTH_AMERICA,Panamá,,,,2019-03-05T09:44:15,False,Aitor,iNaturalist,http://creativecommons.org/licenses/by/4.0/,Aitor,https://inaturalist-open-data.s3.amazonaws.com/photos/32426665/original.jpg; https://inaturalist-open-data.s3.amazonaws.com/photos/32428760/original.jpg,k-central-america,2024-10-25 17:37:58
original_3097141437_1.jpg,5303151,Canna flaccida,0.766,"Chrysuronia coeruleogularis (Gould, 1851)",10962601,9.009219,-79.467788,,NORTH_AMERICA,Panamá,,,,2020-09-08T07:28:12,False,Aitor,iNaturalist,http://creativecommons.org/licenses/by/4.0/,Aitor,https://inaturalist-open-data.s3.amazonaws.com/photos/94234109/original.jpg,k-central-america,2024-10-25 17:38:03
original_3097159407_1.jpg,2956176,Delonix regia,52.82,"Chrysuronia coeruleogularis (Gould, 1851)",10962601,8.904659,-79.589053,22.0,NORTH_AMERICA,Panamá Oeste,,,,2020-05-24T10:10:43,False,Aitor,iNaturalist,http://creativecommons.org/licenses/by/4.0/,Aitor,https://inaturalist-open-data.s3.amazonaws.com/photos/74949465/original.jpg; https://inaturalist-open-data.s3.amazonaws.com/photos/74949951/original.jpg,k-central-america,2024-10-25 17:38:09
original_3097159407_2.jpg,2956176,Delonix regia,55.415000000000006,"Chrysuronia coeruleogularis (Gould, 1851)",10962601,8.904659,-79.589053,22.0,NORTH_AMERICA,Panamá Oeste,,,,2020-05-24T10:10:43,False,Aitor,iNaturalist,http://creativecommons.org/licenses/by/4.0/,Aitor,https://inaturalist-open-data.s3.amazonaws.com/photos/74949465/original.jpg; https://inaturalist-open-data.s3.amazonaws.com/photos/74949951/original.jpg,k-central-america,2024-10-25 17:38:11
original_3097171338_2.jpg,2979199,Acaciella villosa,2.972,"Chrysuronia coeruleogularis (Gould, 1851)",10962601,8.931793,-79.544725,75.0,NORTH_AMERICA,Panamá,,,,2019-04-28T10:55:33,False,Aitor,iNaturalist,http://creativecommons.org/licenses/by/4.0/,Aitor,https://inaturalist-open-data.s3.amazonaws.com/photos/36828228/original.jpg; https://inaturalist-open-data.s3.amazonaws.com/photos/36828288/original.jpg; https://inaturalist-open-data.s3.amazonaws.com/photos/36829120/original.jpg,k-central-america,2024-10-25 17:38:25
original_3097268402_1.jpg,2979199,Acaciella villosa,2.838,"Chrysuronia coeruleogularis (Gould, 1851)",10962601,8.901217,-79.591028,47.0,NORTH_AMERICA,Panamá Oeste,,,,2020-05-29T11:53:36,False,Aitor,iNaturalist,http://creativecommons.org/licenses/by/4.0/,Aitor,https://inaturalist-open-data.s3.amazonaws.com/photos/75798007/original.jpg; https://inaturalist-open-data.s3.amazonaws.com/photos/75798021/original.jpg; https://inaturalist-open-data.s3.amazonaws.com/photos/75798055/original.jpg,k-central-america,2024-10-25 17:38:32
original_3097268402_2.jpg,7649215,Cordia alliodora,3.202,"Chrysuronia coeruleogularis (Gould, 1851)",10962601,8.901217,-79.591028,47.0,NORTH_AMERICA,Panamá Oeste,,,,2020-05-29T11:53:36,False,Aitor,iNaturalist,http://creativecommons.org/licenses/by/4.0/,Aitor,https://inaturalist-open-data.s3.amazonaws.com/photos/75798007/original.jpg; https://inaturalist-open-data.s3.amazonaws.com/photos/75798021/original.jpg; https://inaturalist-open-data.s3.amazonaws.com/photos/75798055/original.jpg,k-central-america,2024-10-25 17:38:35
original_3097297317_1.jpg,5320021,Epidendrum nocturnum,1.04,"Chrysuronia coeruleogularis (Gould, 1851)",10962601,8.905507,-79.592255,88.0,NORTH_AMERICA,Panamá Oeste,,,,2018-10-04T17:26:59,False,Aitor,iNaturalist,http://creativecommons.org/licenses/by/4.0/,Aitor,https://inaturalist-open-data.s3.amazonaws.com/photos/26078046/original.jpg; https://inaturalist-open-data.s3.amazonaws.com/photos/26078054/original.jpg,k-central-america,2024-10-25 17:38:48
original_3097308344_1.jpg,7297353,Lippia origanoides,8.225,"Chrysuronia coeruleogularis (Gould, 1851)",10962601,8.931322,-79.544515,87.0,NORTH_AMERICA,Panamá,,,,2019-05-18T10:21:10,False,Aitor,iNaturalist,http://creativecommons.org/licenses/by/4.0/,Aitor,https://inaturalist-open-data.s3.amazonaws.com/photos/39497817/original.jpg; https://inaturalist-open-data.s3.amazonaws.com/photos/39497823/original.jpg,k-central-america,2024-10-25 17:38:52
original_3097308344_2.jpg,7297353,Lippia origanoides,16.142,"Chrysuronia coeruleogularis (Gould, 1851)",10962601,8.931322,-79.544515,87.0,NORTH_AMERICA,Panamá,,,,2019-05-18T10:21:10,False,Aitor,iNaturalist,http://creativecommons.org/licenses/by/4.0/,Aitor,https://inaturalist-open-data.s3.amazonaws.com/photos/39497817/original.jpg; https://inaturalist-open-data.s3.amazonaws.com/photos/39497823/original.jpg,k-central-america,2024-10-25 17:38:55
original_3097308454_1.jpg,3795445,Vachellia macracantha,2.403,"Chrysuronia coeruleogularis (Gould, 1851)",10962601,8.904427,-79.590525,,NORTH_AMERICA,Panamá Oeste,,,,2020-08-21T08:10:18,False,Aitor,iNaturalist,http://creativecommons.org/licenses/by/4.0/,Aitor,https://inaturalist-open-data.s3.amazonaws.com/photos/91110644/original.jpg,k-central-america,2024-10-25 17:38:57
original_3097315341_1.jpg,2874119,Xylosma flexuosa,1.195,"Chrysuronia coeruleogularis (Gould, 1851)",10962601,8.498996,-77.973405,435.0,NORTH_AMERICA,Darién,,,,2019-06-15T17:29:19,False,Aitor,iNaturalist,http://creativecommons.org/licenses/by/4.0/,Aitor,https://inaturalist-open-data.s3.amazonaws.com/photos/42301410/original.jpg; https://inaturalist-open-data.s3.amazonaws.com/photos/42301418/original.jpg,k-central-america,2024-10-25 17:39:06
original_3109213446_1.jpg,2792457,Polystachya concreta,2.902,"Chrysuronia coeruleogularis (Gould, 1851)",10962601,8.899733,-79.592222,,NORTH_AMERICA,Panamá Oeste,,,,2021-04-27T17:01:21,False,Aitor,iNaturalist,http://creativecommons.org/licenses/by/4.0/,Aitor,https://inaturalist-open-data.s3.amazonaws.com/photos/123643596/original.jpg; https://inaturalist-open-data.s3.amazonaws.com/photos/123643616/original.jpg,k-central-america,2024-10-25 17:39:11
original_3112368730_1.jpeg,2874119,Xylosma flexuosa,8.312999999999999,"Chrysuronia coeruleogularis (Gould, 1851)",10962601,7.545586,-80.949475,8.0,NORTH_AMERICA,Veraguas,,,,2021-04-30T08:24,False,Rodrigo Baez,iNaturalist,http://creativecommons.org/licenses/by-nc/4.0/,Rodrigo Baez,https://inaturalist-open-data.s3.amazonaws.com/photos/124227633/original.jpeg,k-central-america,2024-10-25 17:39:16
original_3112611761_1.jpg,9060332,Ipomoea heptaphylla,1.341,"Chrysuronia coeruleogularis (Gould, 1851)",10962601,7.816417,-80.217963,357.0,NORTH_AMERICA,Los Santos,,,,2021-05-02T10:58:21,False,Yennifer Alfaro,iNaturalist,http://creativecommons.org/licenses/by-nc/4.0/,Yennifer Alfaro,https://inaturalist-open-data.s3.amazonaws.com/photos/125596124/original.jpg,k-central-america,2024-10-25 17:39:18
original_3112700594_1.jpeg,3587301,Passiflora nitida,0.7040000000000001,"Chrysuronia coeruleogularis (Gould, 1851)",10962601,7.591846,-80.960591,12.0,NORTH_AMERICA,Veraguas,,,,2021-04-30T08:02:48,False,loes,iNaturalist,http://creativecommons.org/licenses/by-nc/4.0/,loes,https://inaturalist-open-data.s3.amazonaws.com/photos/124063052/original.jpeg,k-central-america,2024-10-25 17:39:21
original_3112733757_1.jpg,2733060,Bactris gasipaes,3.37,"Chrysuronia coeruleogularis (Gould, 1851)",10962601,8.904825,-79.589042,73.0,NORTH_AMERICA,Panamá Oeste,,,,2021-04-30T16:35:53,False,Aitor,iNaturalist,http://creativecommons.org/licenses/by/4.0/,Aitor,https://inaturalist-open-data.s3.amazonaws.com/photos/124291666/original.jpg; https://inaturalist-open-data.s3.amazonaws.com/photos/124291943/original.jpg,k-central-america,2024-10-25 17:39:24
original_3112733757_2.jpg,6109608,Thrinax radiata,1.595,"Chrysuronia coeruleogularis (Gould, 1851)",10962601,8.904825,-79.589042,73.0,NORTH_AMERICA,Panamá Oeste,,,,2021-04-30T16:35:53,False,Aitor,iNaturalist,http://creativecommons.org/licenses/by/4.0/,Aitor,https://inaturalist-open-data.s3.amazonaws.com/photos/124291666/original.jpg; https://inaturalist-open-data.s3.amazonaws.com/photos/124291943/original.jpg,k-central-america,2024-10-25 17:39:26
original_3112824153_1.jpeg,3071171,Hevea brasiliensis,2.904,"Chrysuronia coeruleogularis (Gould, 1851)",10962601,7.943365,-80.563555,604.0,NORTH_AMERICA,Herrera,,,,2021-05-03T18:15:53,False,Roderick Flores,iNaturalist,http://creativecommons.org/licenses/by-nc/4.0/,Roderick Flores,https://inaturalist-open-data.s3.amazonaws.com/photos/126125001/original.jpeg,k-central-america,2024-10-25 17:39:29
original_3112846694_1.jpg,2760669,Heliconia psittacorum,13.773,"Chrysuronia coeruleogularis (Gould, 1851)",10962601,8.644158,-78.152168,1093.0,NORTH_AMERICA,Darién,,,,2021-05-02T16:50Z,False,Katerine Rodríguez,iNaturalist,http://creativecommons.org/licenses/by-nc/4.0/,Katerine Rodríguez,https://inaturalist-open-data.s3.amazonaws.com/photos/125460744/original.jpg,k-central-america,2024-10-25 17:39:31
original_3112902778_1.jpeg,2956078,Piscidia carthagenensis,2.92,"Chrysuronia coeruleogularis (Gould, 1851)",10962601,8.933259,-79.545983,62.0,NORTH_AMERICA,Panamá,,,,2021-05-02T14:54:55Z,False,Elizabeth Rodríguez Estrada,iNaturalist,http://creativecommons.org/licenses/by/4.0/,Elizabeth Rodríguez Estrada,https://inaturalist-open-data.s3.amazonaws.com/photos/125663023/original.jpeg; https://inaturalist-open-data.s3.amazonaws.com/photos/125663062/original.jpeg; https://inaturalist-open-data.s3.amazonaws.com/photos/125663099/original.jpeg,k-central-america,2024-10-25 17:39:34
original_3112902778_2.jpeg,3172574,Spathodea campanulata,90.983,"Chrysuronia coeruleogularis (Gould, 1851)",10962601,8.933259,-79.545983,62.0,NORTH_AMERICA,Panamá,,,,2021-05-02T14:54:55Z,False,Elizabeth Rodríguez Estrada,iNaturalist,http://creativecommons.org/licenses/by/4.0/,Elizabeth Rodríguez Estrada,https://inaturalist-open-data.s3.amazonaws.com/photos/125663023/original.jpeg; https://inaturalist-open-data.s3.amazonaws.com/photos/125663062/original.jpeg; https://inaturalist-open-data.s3.amazonaws.com/photos/125663099/original.jpeg,k-central-america,2024-10-25 17:39:36
original_3112902778_3.jpeg,3172574,Spathodea campanulata,5.749,"Chrysuronia coeruleogularis (Gould, 1851)",10962601,8.933259,-79.545983,62.0,NORTH_AMERICA,Panamá,,,,2021-05-02T14:54:55Z,False,Elizabeth Rodríguez Estrada,iNaturalist,http://creativecommons.org/licenses/by/4.0/,Elizabeth Rodríguez Estrada,https://inaturalist-open-data.s3.amazonaws.com/photos/125663023/original.jpeg; https://inaturalist-open-data.s3.amazonaws.com/photos/125663062/original.jpeg; https://inaturalist-open-data.s3.amazonaws.com/photos/125663099/original.jpeg,k-central-america,2024-10-25 17:39:39
original_3113435155_1.jpeg,2792457,Polystachya concreta,1.645,"Chrysuronia coeruleogularis (Gould, 1851)",10962601,8.374078,-77.82908,31287.0,NORTH_AMERICA,Darién,,,,2021-02-06T15:46,False,novvictan,iNaturalist,http://creativecommons.org/licenses/by/4.0/,novvictan,https://inaturalist-open-data.s3.amazonaws.com/photos/127753917/original.jpeg,k-central-america,2024-10-25 17:39:41
original_3124489213_1.jpeg,2943053,Chloroleucon mangense,6.651999999999999,"Chrysuronia coeruleogularis (Gould, 1851)",10962601,8.994355,-79.525216,818.0,NORTH_AMERICA,Panamá,,,,2021-05-18T14:34,False,Andrés Matos,iNaturalist,http://creativecommons.org/licenses/by-nc/4.0/,Andrés Matos,https://inaturalist-open-data.s3.amazonaws.com/photos/131021399/original.jpeg,k-central-america,2024-10-25 17:39:48
original_3124519900_1.jpg,2957158,Senna multijuga,14.352,"Chrysuronia coeruleogularis (Gould, 1851)",10962601,9.015428,-79.469153,68.0,NORTH_AMERICA,Panamá,,,,2021-05-20T09:56:16,False,Rosabel Miro,iNaturalist,http://creativecommons.org/licenses/by-nc/4.0/,Rosabel Miro,https://inaturalist-open-data.s3.amazonaws.com/photos/130798211/original.jpg,k-central-america,2024-10-25 17:39:51
original_3124567984_1.jpeg,2943053,Chloroleucon mangense,3.659,"Chrysuronia coeruleogularis (Gould, 1851)",10962601,8.418856,-80.355292,4.0,NORTH_AMERICA,Coclé,,,,2021-05-09T08:24,False,Vicente,iNaturalist,http://creativecommons.org/licenses/by-nc/4.0/,Vicente,https://inaturalist-open-data.s3.amazonaws.com/photos/131282114/original.jpeg,k-central-america,2024-10-25 17:39:53
original_3327826386_1.jpeg,3152559,Hibiscus rosa-sinensis,46.385,"Chrysuronia coeruleogularis (Gould, 1851)",10962601,7.545328,-80.949634,8.0,NORTH_AMERICA,Veraguas,,,,2021-01-30T09:28,False,Rodrigo Baez,iNaturalist,http://creativecommons.org/licenses/by-nc/4.0/,Rodrigo Baez,https://inaturalist-open-data.s3.amazonaws.com/photos/111508292/original.jpeg,k-central-america,2024-10-25 17:39:58
original_3330410165_1.jpeg,5406679,Sterculia apetala,2.212,"Chrysuronia coeruleogularis (Gould, 1851)",10962601,9.009515,-79.467281,4.0,NORTH_AMERICA,Panamá,,,,2021-07-05T13:14,False,Manuel A. Pérez R.,iNaturalist,http://creativecommons.org/licenses/by-nc/4.0/,Manuel A. Pérez R.,https://inaturalist-open-data.s3.amazonaws.com/photos/144802421/original.jpeg; https://inaturalist-open-data.s3.amazonaws.com/photos/144802476/original.jpeg,k-central-america,2024-10-25 17:40:00
original_3330756559_1.jpeg,4093859,Fernandoa adenophylla,0.8659999999999999,"Chrysuronia coeruleogularis (Gould, 1851)",10962601,8.916214,-79.531915,210.0,NORTH_AMERICA,Panamá,,,,2021-07-10T13:07,False,Chris Rohrer,iNaturalist,http://creativecommons.org/licenses/by-nc/4.0/,Chris Rohrer,https://inaturalist-open-data.s3.amazonaws.com/photos/142518721/original.jpeg,k-central-america,2024-10-25 17:40:05
original_3337699974_2.jpeg,2874119,Xylosma flexuosa,1.8319999999999999,"Chrysuronia coeruleogularis (Gould, 1851)",10962601,8.921275,-78.398268,,NORTH_AMERICA,Panamá,,,,2021-06-15T13:52,False,William Hull,iNaturalist,http://creativecommons.org/licenses/by-nc/4.0/,William Hull,https://inaturalist-open-data.s3.amazonaws.com/photos/149170190/original.jpeg; https://inaturalist-open-data.s3.amazonaws.com/photos/149170204/original.jpeg,k-central-america,2024-10-25 17:40:09
original_3337755177_3.jpeg,2874484,Carica papaya,14.411999999999999,"Chrysuronia coeruleogularis (Gould, 1851)",10962601,8.921253,-78.398357,,NORTH_AMERICA,Panamá,,,,2021-06-15T14:36,False,William Hull,iNaturalist,http://creativecommons.org/licenses/by-nc/4.0/,William Hull,https://inaturalist-open-data.s3.amazonaws.com/photos/149170350/original.jpeg; https://inaturalist-open-data.s3.amazonaws.com/photos/149170366/original.jpeg; https://inaturalist-open-data.s3.amazonaws.com/photos/149170383/original.jpeg; https://inaturalist-open-data.s3.amazonaws.com/photos/149170403/original.jpeg,k-central-america,2024-10-25 17:40:15
original_3337755177_4.jpeg,2874484,Carica papaya,9.268,"Chrysuronia coeruleogularis (Gould, 1851)",10962601,8.921253,-78.398357,,NORTH_AMERICA,Panamá,,,,2021-06-15T14:36,False,William Hull,iNaturalist,http://creativecommons.org/licenses/by-nc/4.0/,William Hull,https://inaturalist-open-data.s3.amazonaws.com/photos/149170350/original.jpeg; https://inaturalist-open-data.s3.amazonaws.com/photos/149170366/original.jpeg; https://inaturalist-open-data.s3.amazonaws.com/photos/149170383/original.jpeg; https://inaturalist-open-data.s3.amazonaws.com/photos/149170403/original.jpeg,k-central-america,2024-10-25 17:40:17
original_3355319139_1.jpg,6109608,Thrinax radiata,5.4879999999999995,"Chrysuronia coeruleogularis (Gould, 1851)",10962601,8.588465,-82.984231,3097.0,NORTH_AMERICA,Puntarenas,,,,2020-02-21T12:08Z,False,David Garrigues,iNaturalist,http://creativecommons.org/licenses/by-nc/4.0/,David Garrigues,https://inaturalist-open-data.s3.amazonaws.com/photos/155551896/original.jpg; https://inaturalist-open-data.s3.amazonaws.com/photos/155551905/original.jpg; https://inaturalist-open-data.s3.amazonaws.com/photos/155551914/original.jpg; https://inaturalist-open-data.s3.amazonaws.com/photos/155551955/original.jpg,k-central-america,2024-10-25 17:40:20
original_3355319139_2.jpg,8435196,Passiflora pallida,5.8790000000000004,"Chrysuronia coeruleogularis (Gould, 1851)",10962601,8.588465,-82.984231,3097.0,NORTH_AMERICA,Puntarenas,,,,2020-02-21T12:08Z,False,David Garrigues,iNaturalist,http://creativecommons.org/licenses/by-nc/4.0/,David Garrigues,https://inaturalist-open-data.s3.amazonaws.com/photos/155551896/original.jpg; https://inaturalist-open-data.s3.amazonaws.com/photos/155551905/original.jpg; https://inaturalist-open-data.s3.amazonaws.com/photos/155551914/original.jpg; https://inaturalist-open-data.s3.amazonaws.com/photos/155551955/original.jpg,k-central-america,2024-10-25 17:40:22
original_3355319139_3.jpg,2951571,Mucuna sloanei,6.168,"Chrysuronia coeruleogularis (Gould, 1851)",10962601,8.588465,-82.984231,3097.0,NORTH_AMERICA,Puntarenas,,,,2020-02-21T12:08Z,False,David Garrigues,iNaturalist,http://creativecommons.org/licenses/by-nc/4.0/,David Garrigues,https://inaturalist-open-data.s3.amazonaws.com/photos/155551896/original.jpg; https://inaturalist-open-data.s3.amazonaws.com/photos/155551905/original.jpg; https://inaturalist-open-data.s3.amazonaws.com/photos/155551914/original.jpg; https://inaturalist-open-data.s3.amazonaws.com/photos/155551955/original.jpg,k-central-america,2024-10-25 17:40:24
original_3355319139_4.jpg,8791596,Elaeis oleifera,5.281000000000001,"Chrysuronia coeruleogularis (Gould, 1851)",10962601,8.588465,-82.984231,3097.0,NORTH_AMERICA,Puntarenas,,,,2020-02-21T12:08Z,False,David Garrigues,iNaturalist,http://creativecommons.org/licenses/by-nc/4.0/,David Garrigues,https://inaturalist-open-data.s3.amazonaws.com/photos/155551896/original.jpg; https://inaturalist-open-data.s3.amazonaws.com/photos/155551905/original.jpg; https://inaturalist-open-data.s3.amazonaws.com/photos/155551914/original.jpg; https://inaturalist-open-data.s3.amazonaws.com/photos/155551955/original.jpg,k-central-america,2024-10-25 17:40:26
original_3384081603_1.jpeg,5348857,Parkia pendula,16.249,"Chrysuronia coeruleogularis (Gould, 1851)",10962601,8.968336,-79.567451,971.0,NORTH_AMERICA,Panamá,,,,2017-11-12T08:38,False,Maureen Howard,iNaturalist,http://creativecommons.org/licenses/by/4.0/,Maureen Howard,https://inaturalist-open-data.s3.amazonaws.com/photos/156835639/original.jpeg,k-central-america,2024-10-25 17:40:29
original_3384623218_1.jpeg,2905493,Ixora coccinea,47.083999999999996,"Chrysuronia coeruleogularis (Gould, 1851)",10962601,7.956178,-80.418453,193.0,NORTH_AMERICA,Herrera,,,,2021-09-06T09:03Z,False,Natalia Rovira,iNaturalist,http://creativecommons.org/licenses/by-nc/4.0/,Natalia Rovira,https://inaturalist-open-data.s3.amazonaws.com/photos/155622453/original.jpeg; https://inaturalist-open-data.s3.amazonaws.com/photos/155622489/original.jpeg; https://inaturalist-open-data.s3.amazonaws.com/photos/155622507/original.jpeg; https://inaturalist-open-data.s3.amazonaws.com/photos/155622533/original.jpeg; https://inaturalist-open-data.s3.amazonaws.com/photos/155622556/original.jpeg,k-central-america,2024-10-25 17:40:34
original_3384623218_2.jpeg,2905493,Ixora coccinea,40.969,"Chrysuronia coeruleogularis (Gould, 1851)",10962601,7.956178,-80.418453,193.0,NORTH_AMERICA,Herrera,,,,2021-09-06T09:03Z,False,Natalia Rovira,iNaturalist,http://creativecommons.org/licenses/by-nc/4.0/,Natalia Rovira,https://inaturalist-open-data.s3.amazonaws.com/photos/155622453/original.jpeg; https://inaturalist-open-data.s3.amazonaws.com/photos/155622489/original.jpeg; https://inaturalist-open-data.s3.amazonaws.com/photos/155622507/original.jpeg; https://inaturalist-open-data.s3.amazonaws.com/photos/155622533/original.jpeg; https://inaturalist-open-data.s3.amazonaws.com/photos/155622556/original.jpeg,k-central-america,2024-10-25 17:40:36
original_3384623218_3.jpeg,2715182,Cyperus sphacelatus,0.322,"Chrysuronia coeruleogularis (Gould, 1851)",10962601,7.956178,-80.418453,193.0,NORTH_AMERICA,Herrera,,,,2021-09-06T09:03Z,False,Natalia Rovira,iNaturalist,http://creativecommons.org/licenses/by-nc/4.0/,Natalia Rovira,https://inaturalist-open-data.s3.amazonaws.com/photos/155622453/original.jpeg; https://inaturalist-open-data.s3.amazonaws.com/photos/155622489/original.jpeg; https://inaturalist-open-data.s3.amazonaws.com/photos/155622507/original.jpeg; https://inaturalist-open-data.s3.amazonaws.com/photos/155622533/original.jpeg; https://inaturalist-open-data.s3.amazonaws.com/photos/155622556/original.jpeg,k-central-america,2024-10-25 17:40:39
original_3384623218_5.jpeg,9193953,Zinnia peruviana,0.782,"Chrysuronia coeruleogularis (Gould, 1851)",10962601,7.956178,-80.418453,193.0,NORTH_AMERICA,Herrera,,,,2021-09-06T09:03Z,False,Natalia Rovira,iNaturalist,http://creativecommons.org/licenses/by-nc/4.0/,Natalia Rovira,https://inaturalist-open-data.s3.amazonaws.com/photos/155622453/original.jpeg; https://inaturalist-open-data.s3.amazonaws.com/photos/155622489/original.jpeg; https://inaturalist-open-data.s3.amazonaws.com/photos/155622507/original.jpeg; https://inaturalist-open-data.s3.amazonaws.com/photos/155622533/original.jpeg; https://inaturalist-open-data.s3.amazonaws.com/photos/155622556/original.jpeg,k-central-america,2024-10-25 17:40:44
original_3384627930_1.jpeg,2905493,Ixora coccinea,1.728,"Chrysuronia coeruleogularis (Gould, 1851)",10962601,9.037794,-79.528651,6.0,NORTH_AMERICA,Panamá,,,,2021-07-20T17:50:34Z,False,Anthony Batista,iNaturalist,http://creativecommons.org/licenses/by/4.0/,Anthony Batista,https://inaturalist-open-data.s3.amazonaws.com/photos/145005646/original.jpeg; https://inaturalist-open-data.s3.amazonaws.com/photos/145005666/original.jpeg,k-central-america,2024-10-25 17:40:46
original_3384627930_2.jpeg,2905493,Ixora coccinea,6.561,"Chrysuronia coeruleogularis (Gould, 1851)",10962601,9.037794,-79.528651,6.0,NORTH_AMERICA,Panamá,,,,2021-07-20T17:50:34Z,False,Anthony Batista,iNaturalist,http://creativecommons.org/licenses/by/4.0/,Anthony Batista,https://inaturalist-open-data.s3.amazonaws.com/photos/145005646/original.jpeg; https://inaturalist-open-data.s3.amazonaws.com/photos/145005666/original.jpeg,k-central-america,2024-10-25 17:40:49
original_3384631100_1.jpeg,3190406,Triphasia trifolia,10.526,"Chrysuronia coeruleogularis (Gould, 1851)",10962601,7.868171,-77.836728,154488.0,NORTH_AMERICA,Darién,,,,2021-07-11T15:01,False,Chris Rohrer,iNaturalist,http://creativecommons.org/licenses/by-nc/4.0/,Chris Rohrer,https://inaturalist-open-data.s3.amazonaws.com/photos/151542693/original.jpeg,k-central-america,2024-10-25 17:40:52
original_3384933622_1.jpeg,5348857,Parkia pendula,9.758,"Chrysuronia coeruleogularis (Gould, 1851)",10962601,8.968336,-79.567451,971.0,NORTH_AMERICA,Panamá,,,,2017-11-12T08:36,False,Maureen Howard,iNaturalist,http://creativecommons.org/licenses/by/4.0/,Maureen Howard,https://inaturalist-open-data.s3.amazonaws.com/photos/156836391/original.jpeg,k-central-america,2024-10-25 17:40:54
original_3398762264_1.jpeg,3132203,Perymenium grande,4.282,"Chrysuronia coeruleogularis (Gould, 1851)",10962601,7.631542,-81.257858,1411.0,NORTH_AMERICA,Veraguas,,,,2021-10-17T09:47,False,Kai Squires,iNaturalist,http://creativecommons.org/licenses/by/4.0/,Kai Squires,https://inaturalist-open-data.s3.amazonaws.com/photos/164018276/original.jpeg,k-central-america,2024-10-25 17:40:57
original_3399033835_1.jpeg,2735117,Cocos nucifera,25.968000000000004,"Chrysuronia coeruleogularis (Gould, 1851)",10962601,9.570319,-78.787201,14857.0,NORTH_AMERICA,Kuna Yala,,,,2017-11-20T12:31,False,Maureen Howard,iNaturalist,http://creativecommons.org/licenses/by/4.0/,Maureen Howard,https://inaturalist-open-data.s3.amazonaws.com/photos/156845449/original.jpeg,k-central-america,2024-10-25 17:40:59
original_3399366973_1.jpeg,5406696,Ceiba aesculifolia,13.345,"Chrysuronia coeruleogularis (Gould, 1851)",10962601,8.211193,-82.193115,2452.0,NORTH_AMERICA,Chiriquí,,,,2021-10-23T11:45,False,Kai Squires,iNaturalist,http://creativecommons.org/licenses/by/4.0/,Kai Squires,https://inaturalist-open-data.s3.amazonaws.com/photos/165224064/original.jpeg,k-central-america,2024-10-25 17:41:04
original_3415606815_1.jpeg,5384862,Bougainvillea glabra,5.723000000000001,"Chrysuronia coeruleogularis (Gould, 1851)",10962601,8.353642,-80.140323,418.0,NORTH_AMERICA,Coclé,,,,2021-11-04T21:32:49,False,Johalene Barría,iNaturalist,http://creativecommons.org/licenses/by-nc/4.0/,Johalene Barría,https://inaturalist-open-data.s3.amazonaws.com/photos/168081243/original.jpeg,k-central-america,2024-10-25 17:41:07
original_3455741829_1.jpg,5349770,Erythrina costaricensis,1.744,"Chrysuronia coeruleogularis (Gould, 1851)",10962601,9.002847,-79.508071,30.0,NORTH_AMERICA,Panamá,,,,2022-01-01T16:57,False,Anthony Batista,iNaturalist,http://creativecommons.org/licenses/by/4.0/,Anthony Batista,https://inaturalist-open-data.s3.amazonaws.com/photos/174485726/original.jpg,k-central-america,2024-10-25 17:41:12
original_3456179929_1.jpg,4092242,Handroanthus impetiginosus,16.317,"Chrysuronia coeruleogularis (Gould, 1851)",10962601,9.002167,-79.507887,,NORTH_AMERICA,Panamá,,,,2022-01-13T08:42:18,False,Aitor,iNaturalist,http://creativecommons.org/licenses/by/4.0/,Aitor,https://inaturalist-open-data.s3.amazonaws.com/photos/175828460/original.jpg,k-central-america,2024-10-25 17:41:17
original_3457105185_1.jpeg,5303044,Thalia geniculata,93.368,"Chrysuronia coeruleogularis (Gould, 1851)",10962601,8.037847,-77.709369,977.0,NORTH_AMERICA,Darién,,,,2021-10-27T15:59,False,Carmelo López Abad,iNaturalist,http://creativecommons.org/licenses/by-nc/4.0/,Carmelo López Abad,https://inaturalist-open-data.s3.amazonaws.com/photos/174627439/original.jpeg,k-central-america,2024-10-25 17:41:19
original_3499426155_1.jpg,4004864,Psittacanthus cucullaris,17.06,"Chrysuronia coeruleogularis (Gould, 1851)",10962601,8.499307,-80.240568,34833.0,NORTH_AMERICA,Coclé,,,,2021-12-07T14:03,False,Kristy Morley,iNaturalist,http://creativecommons.org/licenses/by/4.0/,Kristy Morley,https://inaturalist-open-data.s3.amazonaws.com/photos/179791524/original.jpg,k-central-america,2024-10-25 17:41:23
original_3499527849_1.jpeg,2760658,Heliconia collinsiana,19.772000000000002,"Chrysuronia coeruleogularis (Gould, 1851)",10962601,9.133441,-79.721269,61.0,NORTH_AMERICA,Colón,,,,2021-11-16T11:49,False,Carmelo López Abad,iNaturalist,http://creativecommons.org/licenses/by-nc/4.0/,Carmelo López Abad,https://inaturalist-open-data.s3.amazonaws.com/photos/179148480/original.jpeg,k-central-america,2024-10-25 17:41:26
original_3747049126_1.jpg,4092242,Handroanthus impetiginosus,2.3,"Chrysuronia coeruleogularis (Gould, 1851)",10962601,8.98015,-79.507136,51.0,NORTH_AMERICA,Panamá,,,,2022-03-22T08:47:32,False,Aitor,iNaturalist,http://creativecommons.org/licenses/by/4.0/,Aitor,https://inaturalist-open-data.s3.amazonaws.com/photos/184067757/original.jpg; https://inaturalist-open-data.s3.amazonaws.com/photos/184067765/original.jpg; https://inaturalist-open-data.s3.amazonaws.com/photos/184067780/original.jpg,k-central-america,2024-10-25 17:41:32
original_3747049126_2.jpg,5406696,Ceiba aesculifolia,56.645999999999994,"Chrysuronia coeruleogularis (Gould, 1851)",10962601,8.98015,-79.507136,51.0,NORTH_AMERICA,Panamá,,,,2022-03-22T08:47:32,False,Aitor,iNaturalist,http://creativecommons.org/licenses/by/4.0/,Aitor,https://inaturalist-open-data.s3.amazonaws.com/photos/184067757/original.jpg; https://inaturalist-open-data.s3.amazonaws.com/photos/184067765/original.jpg; https://inaturalist-open-data.s3.amazonaws.com/photos/184067780/original.jpg,k-central-america,2024-10-25 17:41:34
original_3747049126_3.jpg,2956176,Delonix regia,3.95,"Chrysuronia coeruleogularis (Gould, 1851)",10962601,8.98015,-79.507136,51.0,NORTH_AMERICA,Panamá,,,,2022-03-22T08:47:32,False,Aitor,iNaturalist,http://creativecommons.org/licenses/by/4.0/,Aitor,https://inaturalist-open-data.s3.amazonaws.com/photos/184067757/original.jpg; https://inaturalist-open-data.s3.amazonaws.com/photos/184067765/original.jpg; https://inaturalist-open-data.s3.amazonaws.com/photos/184067780/original.jpg,k-central-america,2024-10-25 17:41:36
original_3759508966_1.jpeg,5406679,Sterculia apetala,6.106,"Chrysuronia coeruleogularis (Gould, 1851)",10962601,8.349884,-82.499783,488.0,NORTH_AMERICA,Chiriquí,,,,2022-03-26T08:43,False,katiuska19,iNaturalist,http://creativecommons.org/licenses/by-nc/4.0/,katiuska19,https://inaturalist-open-data.s3.amazonaws.com/photos/184662406/original.jpeg,k-central-america,2024-10-25 17:41:48
original_3759669156_1.jpeg,5361903,Ficus elastica,12.545,"Chrysuronia coeruleogularis (Gould, 1851)",10962601,9.067608,-79.369083,8201.0,NORTH_AMERICA,Panamá,,,,2022-04-06T16:54:50,False,Fred Sullivan,iNaturalist,http://creativecommons.org/licenses/by-nc/4.0/,Fred Sullivan,https://inaturalist-open-data.s3.amazonaws.com/photos/186621453/original.jpeg; https://inaturalist-open-data.s3.amazonaws.com/photos/186621469/original.jpeg,k-central-america,2024-10-25 17:41:50
original_3759669156_2.jpeg,2760940,Heliconia latispatha,0.743,"Chrysuronia coeruleogularis (Gould, 1851)",10962601,9.067608,-79.369083,8201.0,NORTH_AMERICA,Panamá,,,,2022-04-06T16:54:50,False,Fred Sullivan,iNaturalist,http://creativecommons.org/licenses/by-nc/4.0/,Fred Sullivan,https://inaturalist-open-data.s3.amazonaws.com/photos/186621453/original.jpeg; https://inaturalist-open-data.s3.amazonaws.com/photos/186621469/original.jpeg,k-central-america,2024-10-25 17:41:51
original_3759938382_1.jpg,7799711,Canavalia ensiformis,5.2589999999999995,"Chrysuronia coeruleogularis (Gould, 1851)",10962601,9.038133,-79.528001,,NORTH_AMERICA,Panamá,,,,2022-04-18T14:31,False,Anthony Batista,iNaturalist,http://creativecommons.org/licenses/by/4.0/,Anthony Batista,https://inaturalist-open-data.s3.amazonaws.com/photos/189103533/original.jpg; https://inaturalist-open-data.s3.amazonaws.com/photos/189103542/original.jpg,k-central-america,2024-10-25 17:41:56
original_3760056616_1.jpg,5407099,Annona squamosa,2.613,"Chrysuronia coeruleogularis (Gould, 1851)",10962601,8.538166,-79.885801,15.0,NORTH_AMERICA,Panamá Oeste,,,,2022-04-10T10:57,False,SkippingShoe,iNaturalist,http://creativecommons.org/licenses/by-nc/4.0/,SkippingShoe,https://inaturalist-open-data.s3.amazonaws.com/photos/187589907/original.jpg,k-central-america,2024-10-25 17:42:00
original_3760081669_1.jpg,3172589,Amphilophium paniculatum,0.135,"Chrysuronia coeruleogularis (Gould, 1851)",10962601,8.538272,-79.885801,15.0,NORTH_AMERICA,Panamá Oeste,,,,2022-04-10T10:59,False,SkippingShoe,iNaturalist,http://creativecommons.org/licenses/by-nc/4.0/,SkippingShoe,https://inaturalist-open-data.s3.amazonaws.com/photos/187589932/original.jpg,k-central-america,2024-10-25 17:42:03
original_3760092745_1.jpg,3172589,Amphilophium paniculatum,0.161,"Chrysuronia coeruleogularis (Gould, 1851)",10962601,8.538251,-79.88579,15.0,NORTH_AMERICA,Panamá Oeste,,,,2022-04-10T10:59,False,SkippingShoe,iNaturalist,http://creativecommons.org/licenses/by-nc/4.0/,SkippingShoe,https://inaturalist-open-data.s3.amazonaws.com/photos/187589946/original.jpg,k-central-america,2024-10-25 17:42:05
original_3760095656_1.jpg,3172589,Amphilophium paniculatum,0.121,"Chrysuronia coeruleogularis (Gould, 1851)",10962601,8.538263,-79.885704,15.0,NORTH_AMERICA,Panamá Oeste,,,,2022-04-10T10:59,False,SkippingShoe,iNaturalist,http://creativecommons.org/licenses/by-nc/4.0/,SkippingShoe,https://inaturalist-open-data.s3.amazonaws.com/photos/187589917/original.jpg,k-central-america,2024-10-25 17:42:07
original_3760261642_1.jpeg,5285280,Pinus pseudostrobus,0.5680000000000001,"Chrysuronia coeruleogularis (Gould, 1851)",10962601,9.002437,-79.50922,4.0,NORTH_AMERICA,Panamá,,,,2022-03-25T11:42,False,Manuel A. Pérez R.,iNaturalist,http://creativecommons.org/licenses/by-nc/4.0/,Manuel A. Pérez R.,https://inaturalist-open-data.s3.amazonaws.com/photos/185744802/original.jpeg; https://inaturalist-open-data.s3.amazonaws.com/photos/185744913/original.jpeg,k-central-america,2024-10-25 17:42:10
original_3760261642_2.jpeg,2694672,Tillandsia setacea,2.703,"Chrysuronia coeruleogularis (Gould, 1851)",10962601,9.002437,-79.50922,4.0,NORTH_AMERICA,Panamá,,,,2022-03-25T11:42,False,Manuel A. Pérez R.,iNaturalist,http://creativecommons.org/licenses/by-nc/4.0/,Manuel A. Pérez R.,https://inaturalist-open-data.s3.amazonaws.com/photos/185744802/original.jpeg; https://inaturalist-open-data.s3.amazonaws.com/photos/185744913/original.jpeg,k-central-america,2024-10-25 17:42:13
original_3773136884_1.jpeg,2884309,Pouteria campechiana,10.825,"Chrysuronia coeruleogularis (Gould, 1851)",10962601,9.00179,-79.502205,,NORTH_AMERICA,Panamá,,,,2022-05-01T13:50:55,False,✰˻⸸˺͢ղαԵαᵒᶠᶜ˻🌺˺͢✰,iNaturalist,http://creativecommons.org/licenses/by-nc/4.0/,✰˻⸸˺͢ղαԵαᵒᶠᶜ˻🌺˺͢✰,https://inaturalist-open-data.s3.amazonaws.com/photos/193834268/original.jpeg; https://inaturalist-open-data.s3.amazonaws.com/photos/193834448/original.jpeg,k-central-america,2024-10-25 17:42:16
original_3773228275_1.jpg,2704348,Eremochloa ophiuroides,2.895,"Chrysuronia coeruleogularis (Gould, 1851)",10962601,8.999645,-79.50795,,NORTH_AMERICA,Panamá,,,,2022-05-03T09:07:24,False,Aitor,iNaturalist,http://creativecommons.org/licenses/by/4.0/,Aitor,https://inaturalist-open-data.s3.amazonaws.com/photos/194383725/original.jpg; https://inaturalist-open-data.s3.amazonaws.com/photos/194383760/original.jpg; https://inaturalist-open-data.s3.amazonaws.com/photos/194383798/original.jpg; https://inaturalist-open-data.s3.amazonaws.com/photos/194383842/original.jpg,k-central-america,2024-10-25 17:42:18
original_3773228275_4.jpg,2958715,Caesalpinia pulcherrima,71.31,"Chrysuronia coeruleogularis (Gould, 1851)",10962601,8.999645,-79.50795,,NORTH_AMERICA,Panamá,,,,2022-05-03T09:07:24,False,Aitor,iNaturalist,http://creativecommons.org/licenses/by/4.0/,Aitor,https://inaturalist-open-data.s3.amazonaws.com/photos/194383725/original.jpg; https://inaturalist-open-data.s3.amazonaws.com/photos/194383760/original.jpg; https://inaturalist-open-data.s3.amazonaws.com/photos/194383798/original.jpg; https://inaturalist-open-data.s3.amazonaws.com/photos/194383842/original.jpg,k-central-america,2024-10-25 17:42:25
original_3858516560_1.jpeg,5572170,Clarisia racemosa,1.722,"Chrysuronia coeruleogularis (Gould, 1851)",10962601,9.009155,-79.462455,672.0,NORTH_AMERICA,Panamá,,,,2022-05-09T16:30,False,Isis Khalil,iNaturalist,http://creativecommons.org/licenses/by-nc/4.0/,Isis Khalil,https://inaturalist-open-data.s3.amazonaws.com/photos/203631506/original.jpeg; https://inaturalist-open-data.s3.amazonaws.com/photos/203631581/original.jpeg,k-central-america,2024-10-25 17:42:27
original_3858516560_2.jpeg,2923965,Cephalanthus salicifolius,1.694,"Chrysuronia coeruleogularis (Gould, 1851)",10962601,9.009155,-79.462455,672.0,NORTH_AMERICA,Panamá,,,,2022-05-09T16:30,False,Isis Khalil,iNaturalist,http://creativecommons.org/licenses/by-nc/4.0/,Isis Khalil,https://inaturalist-open-data.s3.amazonaws.com/photos/203631506/original.jpeg; https://inaturalist-open-data.s3.amazonaws.com/photos/203631581/original.jpeg,k-central-america,2024-10-25 17:42:29
original_3858871278_1.jpg,5387098,Dahlia coccinea,40.39,"Chrysuronia coeruleogularis (Gould, 1851)",10962601,8.931562,-79.544792,4.0,NORTH_AMERICA,Panamá,,,,2022-06-03T14:00:50,False,David Tan,iNaturalist,http://creativecommons.org/licenses/by-nc/4.0/,David Tan,https://inaturalist-open-data.s3.amazonaws.com/photos/203018160/original.jpg,k-central-america,2024-10-25 17:42:31
original_3859412473_1.jpeg,2925663,Cornutia pyramidata,94.28699999999999,"Chrysuronia coeruleogularis (Gould, 1851)",10962601,8.625968,-82.939508,38.0,NORTH_AMERICA,Puntarenas,,,,2022-05-01T07:59:49,False,Andres Paniagua Montoya,iNaturalist,http://creativecommons.org/licenses/by-nc/4.0/,Andres Paniagua Montoya,https://inaturalist-open-data.s3.amazonaws.com/photos/201299572/original.jpeg; https://inaturalist-open-data.s3.amazonaws.com/photos/201299615/original.jpeg; https://inaturalist-open-data.s3.amazonaws.com/photos/201299659/original.jpeg,k-central-america,2024-10-25 17:42:34
original_3859412473_2.jpeg,2925663,Cornutia pyramidata,94.185,"Chrysuronia coeruleogularis (Gould, 1851)",10962601,8.625968,-82.939508,38.0,NORTH_AMERICA,Puntarenas,,,,2022-05-01T07:59:49,False,Andres Paniagua Montoya,iNaturalist,http://creativecommons.org/licenses/by-nc/4.0/,Andres Paniagua Montoya,https://inaturalist-open-data.s3.amazonaws.com/photos/201299572/original.jpeg; https://inaturalist-open-data.s3.amazonaws.com/photos/201299615/original.jpeg; https://inaturalist-open-data.s3.amazonaws.com/photos/201299659/original.jpeg,k-central-america,2024-10-25 17:42:36
original_3859412473_3.jpeg,7313348,Passiflora platyloba,2.854,"Chrysuronia coeruleogularis (Gould, 1851)",10962601,8.625968,-82.939508,38.0,NORTH_AMERICA,Puntarenas,,,,2022-05-01T07:59:49,False,Andres Paniagua Montoya,iNaturalist,http://creativecommons.org/licenses/by-nc/4.0/,Andres Paniagua Montoya,https://inaturalist-open-data.s3.amazonaws.com/photos/201299572/original.jpeg; https://inaturalist-open-data.s3.amazonaws.com/photos/201299615/original.jpeg; https://inaturalist-open-data.s3.amazonaws.com/photos/201299659/original.jpeg,k-central-america,2024-10-25 17:42:39
original_3859806282_1.jpg,5414601,Russelia equisetiformis,55.492,"Chrysuronia coeruleogularis (Gould, 1851)",10962601,8.931525,-79.544813,4.0,NORTH_AMERICA,Panamá,,,,2022-06-03T13:54:39,False,David Tan,iNaturalist,http://creativecommons.org/licenses/by-nc/4.0/,David Tan,https://inaturalist-open-data.s3.amazonaws.com/photos/203026660/original.jpg; https://inaturalist-open-data.s3.amazonaws.com/photos/203026691/original.jpg,k-central-america,2024-10-25 17:42:41
original_3859806282_2.jpg,5414601,Russelia equisetiformis,42.737,"Chrysuronia coeruleogularis (Gould, 1851)",10962601,8.931525,-79.544813,4.0,NORTH_AMERICA,Panamá,,,,2022-06-03T13:54:39,False,David Tan,iNaturalist,http://creativecommons.org/licenses/by-nc/4.0/,David Tan,https://inaturalist-open-data.s3.amazonaws.com/photos/203026660/original.jpg; https://inaturalist-open-data.s3.amazonaws.com/photos/203026691/original.jpg,k-central-america,2024-10-25 17:42:43
original_3873075265_1.jpeg,5414601,Russelia equisetiformis,94.15299999999999,"Chrysuronia coeruleogularis (Gould, 1851)",10962601,8.931537,-79.544854,2.0,NORTH_AMERICA,Panamá,,,,2022-07-10T12:43,False,Rosabel Miro,iNaturalist,http://creativecommons.org/licenses/by-nc/4.0/,Rosabel Miro,https://inaturalist-open-data.s3.amazonaws.com/photos/216402449/original.jpeg,k-central-america,2024-10-25 17:42:52
original_3902270591_1.jpg,2905493,Ixora coccinea,7.184,"Chrysuronia coeruleogularis (Gould, 1851)",10962601,9.070719,-79.402418,103.0,NORTH_AMERICA,Panamá,,,,2022-07-10,False,Christopher Rustay,iNaturalist,http://creativecommons.org/licenses/by-nc/4.0/,Christopher Rustay,https://inaturalist-open-data.s3.amazonaws.com/photos/213234067/original.jpg; https://inaturalist-open-data.s3.amazonaws.com/photos/213234088/original.jpg,k-central-america,2024-10-25 17:42:54
original_3902270591_2.jpg,2905493,Ixora coccinea,18.076999999999998,"Chrysuronia coeruleogularis (Gould, 1851)",10962601,9.070719,-79.402418,103.0,NORTH_AMERICA,Panamá,,,,2022-07-10,False,Christopher Rustay,iNaturalist,http://creativecommons.org/licenses/by-nc/4.0/,Christopher Rustay,https://inaturalist-open-data.s3.amazonaws.com/photos/213234067/original.jpg; https://inaturalist-open-data.s3.amazonaws.com/photos/213234088/original.jpg,k-central-america,2024-10-25 17:42:57
original_3903179564_1.jpeg,7725626,Potalia amara,1.192,"Chrysuronia coeruleogularis (Gould, 1851)",10962601,8.43333,-80.258308,216.0,NORTH_AMERICA,Coclé,,,,2022-08-30T06:47,False,Femi,iNaturalist,http://creativecommons.org/licenses/by-nc/4.0/,Femi,https://inaturalist-open-data.s3.amazonaws.com/photos/228530569/original.jpeg,k-central-america,2024-10-25 17:43:04
original_3912202545_1.jpeg,2951571,Mucuna sloanei,3.3329999999999997,"Chrysuronia coeruleogularis (Gould, 1851)",10962601,7.868171,-77.836728,155350.0,NORTH_AMERICA,Darién,,,,2022-08-15T11:42:25,False,Paul Prappas,iNaturalist,http://creativecommons.org/licenses/by-nc/4.0/,Paul Prappas,https://inaturalist-open-data.s3.amazonaws.com/photos/244249441/original.jpeg,k-central-america,2024-10-25 17:43:07
original_3912227212_1.jpeg,3039424,Ziziphus mauritiana,0.729,"Chrysuronia coeruleogularis (Gould, 1851)",10962601,8.555929,-79.865588,,NORTH_AMERICA,Panamá Oeste,,,,2022-09-14T07:13,False,Paul Hoekman,iNaturalist,http://creativecommons.org/licenses/by/4.0/,Paul Hoekman,https://inaturalist-open-data.s3.amazonaws.com/photos/230212395/original.jpeg; https://inaturalist-open-data.s3.amazonaws.com/photos/230212410/original.jpeg; https://inaturalist-open-data.s3.amazonaws.com/photos/230212429/original.jpeg; https://inaturalist-open-data.s3.amazonaws.com/photos/230212444/original.jpeg; https://inaturalist-open-data.s3.amazonaws.com/photos/230212458/original.jpeg,k-central-america,2024-10-25 17:43:09
original_3912227212_2.jpeg,7269222,Zanthoxylum rhoifolium,5.792,"Chrysuronia coeruleogularis (Gould, 1851)",10962601,8.555929,-79.865588,,NORTH_AMERICA,Panamá Oeste,,,,2022-09-14T07:13,False,Paul Hoekman,iNaturalist,http://creativecommons.org/licenses/by/4.0/,Paul Hoekman,https://inaturalist-open-data.s3.amazonaws.com/photos/230212395/original.jpeg; https://inaturalist-open-data.s3.amazonaws.com/photos/230212410/original.jpeg; https://inaturalist-open-data.s3.amazonaws.com/photos/230212429/original.jpeg; https://inaturalist-open-data.s3.amazonaws.com/photos/230212444/original.jpeg; https://inaturalist-open-data.s3.amazonaws.com/photos/230212458/original.jpeg,k-central-america,2024-10-25 17:43:11
original_3923600619_1.jpg,2970585,Sesbania herbacea,1.691,"Chrysuronia coeruleogularis (Gould, 1851)",10962601,8.3728,-80.227042,5.0,NORTH_AMERICA,Coclé,,,,2022-10-04T12:27:47,False,Roger A. Morales-Flores,iNaturalist,http://creativecommons.org/licenses/by/4.0/,Roger A. Morales-Flores,https://inaturalist-open-data.s3.amazonaws.com/photos/234942033/original.jpg,k-central-america,2024-10-25 17:43:20
original_3925397581_1.jpeg,2958715,Caesalpinia pulcherrima,86.604,"Chrysuronia coeruleogularis (Gould, 1851)",10962601,8.555631,-79.863867,35.0,NORTH_AMERICA,Panamá Oeste,,,,2022-10-10T07:45,False,Paul Hoekman,iNaturalist,http://creativecommons.org/licenses/by/4.0/,Paul Hoekman,https://inaturalist-open-data.s3.amazonaws.com/photos/236277361/original.jpeg; https://inaturalist-open-data.s3.amazonaws.com/photos/236277373/original.jpeg; https://inaturalist-open-data.s3.amazonaws.com/photos/236277396/original.jpeg,k-central-america,2024-10-25 17:43:30
original_3947081505_1.jpeg,5572994,Ruellia simplex,58.472,"Chrysuronia coeruleogularis (Gould, 1851)",10962601,8.556255,-79.863519,111.0,NORTH_AMERICA,Panamá Oeste,,,,2022-10-21T07:44,False,Paul Hoekman,iNaturalist,http://creativecommons.org/licenses/by/4.0/,Paul Hoekman,https://inaturalist-open-data.s3.amazonaws.com/photos/239056724/original.jpeg; https://inaturalist-open-data.s3.amazonaws.com/photos/239056734/original.jpeg; https://inaturalist-open-data.s3.amazonaws.com/photos/239056744/original.jpeg,k-central-america,2024-10-25 17:43:38
original_3947081505_2.jpeg,5572994,Ruellia simplex,62.71099999999999,"Chrysuronia coeruleogularis (Gould, 1851)",10962601,8.556255,-79.863519,111.0,NORTH_AMERICA,Panamá Oeste,,,,2022-10-21T07:44,False,Paul Hoekman,iNaturalist,http://creativecommons.org/licenses/by/4.0/,Paul Hoekman,https://inaturalist-open-data.s3.amazonaws.com/photos/239056724/original.jpeg; https://inaturalist-open-data.s3.amazonaws.com/photos/239056734/original.jpeg; https://inaturalist-open-data.s3.amazonaws.com/photos/239056744/original.jpeg,k-central-america,2024-10-25 17:43:40
original_3947081505_3.jpeg,5572994,Ruellia simplex,68.32300000000001,"Chrysuronia coeruleogularis (Gould, 1851)",10962601,8.556255,-79.863519,111.0,NORTH_AMERICA,Panamá Oeste,,,,2022-10-21T07:44,False,Paul Hoekman,iNaturalist,http://creativecommons.org/licenses/by/4.0/,Paul Hoekman,https://inaturalist-open-data.s3.amazonaws.com/photos/239056724/original.jpeg; https://inaturalist-open-data.s3.amazonaws.com/photos/239056734/original.jpeg; https://inaturalist-open-data.s3.amazonaws.com/photos/239056744/original.jpeg,k-central-america,2024-10-25 17:43:42
original_3947316082_1.jpeg,2760940,Heliconia latispatha,40.283,"Chrysuronia coeruleogularis (Gould, 1851)",10962601,8.302843,-80.23867,2146.0,NORTH_AMERICA,Coclé,,,,2022-09-16T13:16,False,Richard Stineman,iNaturalist,http://creativecommons.org/licenses/by-nc/4.0/,Richard Stineman,https://inaturalist-open-data.s3.amazonaws.com/photos/236710282/original.jpeg,k-central-america,2024-10-25 17:43:45
original_3947829132_1.jpeg,2775716,Yucca gigantea,5.497,"Chrysuronia coeruleogularis (Gould, 1851)",10962601,8.801165,-78.423128,15.0,NORTH_AMERICA,Darién,,,,2022-10-11T15:30,False,Jonathan Mills-Anderson,iNaturalist,http://creativecommons.org/licenses/by-nc/4.0/,Jonathan Mills-Anderson,https://inaturalist-open-data.s3.amazonaws.com/photos/238463452/original.jpeg; https://inaturalist-open-data.s3.amazonaws.com/photos/238463462/original.jpeg,k-central-america,2024-10-25 17:43:47
original_3947829132_2.jpeg,10334868,Selenicereus undatus,0.8380000000000001,"Chrysuronia coeruleogularis (Gould, 1851)",10962601,8.801165,-78.423128,15.0,NORTH_AMERICA,Darién,,,,2022-10-11T15:30,False,Jonathan Mills-Anderson,iNaturalist,http://creativecommons.org/licenses/by-nc/4.0/,Jonathan Mills-Anderson,https://inaturalist-open-data.s3.amazonaws.com/photos/238463452/original.jpeg; https://inaturalist-open-data.s3.amazonaws.com/photos/238463462/original.jpeg,k-central-america,2024-10-25 17:43:48
original_3966412537_1.jpg,2760669,Heliconia psittacorum,20.238,"Chrysuronia coeruleogularis (Gould, 1851)",10962601,9.002835,-79.412345,31254.0,NORTH_AMERICA,Panamá,,,,2022-10-05T11:57,False,mariamargaritadelaguardia,iNaturalist,http://creativecommons.org/licenses/by-nc/4.0/,mariamargaritadelaguardia,https://inaturalist-open-data.s3.amazonaws.com/photos/235258094/original.jpg,k-central-america,2024-10-25 17:43:51
original_3985812280_1.jpeg,5406696,Ceiba aesculifolia,10.062999999999999,"Chrysuronia coeruleogularis (Gould, 1851)",10962601,8.062891,-81.133154,154.0,NORTH_AMERICA,Veraguas,,,,2022-11-26T07:41:19,False,Francis Pérez,iNaturalist,http://creativecommons.org/licenses/by/4.0/,Francis Pérez,https://inaturalist-open-data.s3.amazonaws.com/photos/245341063/original.jpeg,k-central-america,2024-10-25 17:43:56
original_3986272987_1.jpeg,2760644,Heliconia tortuosa,36.699,"Chrysuronia coeruleogularis (Gould, 1851)",10962601,7.545504,-80.949565,31.0,NORTH_AMERICA,Veraguas,,,,2022-11-25T08:26,False,Rodrigo Baez,iNaturalist,http://creativecommons.org/licenses/by-nc/4.0/,Rodrigo Baez,https://inaturalist-open-data.s3.amazonaws.com/photos/244921576/original.jpeg,k-central-america,2024-10-25 17:43:58
original_3986299241_1.jpg,2982188,Calliandra surinamensis,65.066,"Chrysuronia coeruleogularis (Gould, 1851)",10962601,9.324312,-79.890145,,NORTH_AMERICA,Colón,,,,2022-11-25T17:01,False,Wendell Martínez,iNaturalist,http://creativecommons.org/licenses/by-nc/4.0/,Wendell Martínez,https://inaturalist-open-data.s3.amazonaws.com/photos/245423061/original.jpg,k-central-america,2024-10-25 17:44:01
original_3994162642_1.jpeg,10809378,Miconia sericea,4.841,"Chrysuronia coeruleogularis (Gould, 1851)",10962601,7.999287,-81.254995,72.0,NORTH_AMERICA,Veraguas,,,,2022-11-01T10:26:21,False,Lisette☺️,iNaturalist,http://creativecommons.org/licenses/by-nc/4.0/,Lisette☺️,https://inaturalist-open-data.s3.amazonaws.com/photos/244407328/original.jpeg,k-central-america,2024-10-25 17:44:09
original_3994170542_1.jpeg,2902066,Hamelia patens,41.852000000000004,"Chrysuronia coeruleogularis (Gould, 1851)",10962601,8.627939,-82.939329,134.0,NORTH_AMERICA,Puntarenas,,,,2019-02-08,False,Jeffry Torres,iNaturalist,http://creativecommons.org/licenses/by-nc/4.0/,Jeffry Torres,https://inaturalist-open-data.s3.amazonaws.com/photos/220186609/original.jpeg,k-central-america,2024-10-25 17:44:11
original_3994172529_1.jpeg,3587005,Passiflora misera,20.824,"Chrysuronia coeruleogularis (Gould, 1851)",10962601,8.5573,-79.86234,,NORTH_AMERICA,Panamá Oeste,,,,2022-09-10T07:37,False,Paul Hoekman,iNaturalist,http://creativecommons.org/licenses/by/4.0/,Paul Hoekman,https://inaturalist-open-data.s3.amazonaws.com/photos/229128498/original.jpeg; https://inaturalist-open-data.s3.amazonaws.com/photos/229128510/original.jpeg; https://inaturalist-open-data.s3.amazonaws.com/photos/229128526/original.jpeg,k-central-america,2024-10-25 17:44:13
original_4009812995_1.jpeg,7869676,Helicteres guazumifolia,10.202,"Chrysuronia coeruleogularis (Gould, 1851)",10962601,8.623671,-82.939605,404.0,NORTH_AMERICA,Puntarenas,,,,2022-12-20T11:46:34,False,Jeffry Torres,iNaturalist,http://creativecommons.org/licenses/by-nc/4.0/,Jeffry Torres,https://inaturalist-open-data.s3.amazonaws.com/photos/248948125/original.jpeg,k-central-america,2024-10-25 17:44:21
original_4011613446_1.jpeg,2760669,Heliconia psittacorum,77.883,"Chrysuronia coeruleogularis (Gould, 1851)",10962601,8.345959,-80.151755,189.0,NORTH_AMERICA,Coclé,,,,2021-06-04T07:50Z,False,Hunter Groce,iNaturalist,http://creativecommons.org/licenses/by-nc/4.0/,Hunter Groce,https://inaturalist-open-data.s3.amazonaws.com/photos/186980983/original.jpeg; https://inaturalist-open-data.s3.amazonaws.com/photos/186980998/original.jpeg,k-central-america,2024-10-25 17:44:24
original_4011613446_2.jpeg,2760669,Heliconia psittacorum,51.413,"Chrysuronia coeruleogularis (Gould, 1851)",10962601,8.345959,-80.151755,189.0,NORTH_AMERICA,Coclé,,,,2021-06-04T07:50Z,False,Hunter Groce,iNaturalist,http://creativecommons.org/licenses/by-nc/4.0/,Hunter Groce,https://inaturalist-open-data.s3.amazonaws.com/photos/186980983/original.jpeg; https://inaturalist-open-data.s3.amazonaws.com/photos/186980998/original.jpeg,k-central-america,2024-10-25 17:44:26
original_4022017604_1.jpg,2760940,Heliconia latispatha,4.9079999999999995,"Chrysuronia coeruleogularis (Gould, 1851)",10962601,9.636922,-79.558397,,NORTH_AMERICA,Colón,,,,2023-01-21T11:51:10,False,Aitor,iNaturalist,http://creativecommons.org/licenses/by/4.0/,Aitor,https://inaturalist-open-data.s3.amazonaws.com/photos/252992355/original.jpg,k-central-america,2024-10-25 17:44:28
original_4022030675_1.jpeg,5406696,Ceiba aesculifolia,5.63,"Chrysuronia coeruleogularis (Gould, 1851)",10962601,8.174428,-81.879604,61.0,NORTH_AMERICA,Chiriquí,,,,2023-01-10T07:38,False,katiuska19,iNaturalist,http://creativecommons.org/licenses/by-nc/4.0/,katiuska19,https://inaturalist-open-data.s3.amazonaws.com/photos/251480669/original.jpeg,k-central-america,2024-10-25 17:44:31
original_4039480639_2.jpg,3866517,Bellucia pentamera,2.522,"Chrysuronia coeruleogularis (Gould, 1851)",10962601,8.402662,-82.44415,488.0,NORTH_AMERICA,Chiriquí,,,,2023-02-17T10:50,False,Don Marsille,iNaturalist,http://creativecommons.org/licenses/by-nc/4.0/,Don Marsille,https://inaturalist-open-data.s3.amazonaws.com/photos/257050578/original.jpg; https://inaturalist-open-data.s3.amazonaws.com/photos/257050588/original.jpg,k-central-america,2024-10-25 17:44:48
original_4046217479_1.jpg,2951571,Mucuna sloanei,5.8549999999999995,"Chrysuronia coeruleogularis (Gould, 1851)",10962601,8.627554,-82.939382,160.0,NORTH_AMERICA,Puntarenas,,,,2022-04-27T07:58:11,False,Randall Jiménez,iNaturalist,http://creativecommons.org/licenses/by-nc/4.0/,Randall Jiménez,https://inaturalist-open-data.s3.amazonaws.com/photos/195539386/original.jpg,k-central-america,2024-10-25 17:44:50
original_4067513416_1.jpeg,3587005,Passiflora misera,14.954,"Chrysuronia coeruleogularis (Gould, 1851)",10962601,9.070266,-79.461008,2213.0,NORTH_AMERICA,Panamá,,,,1980-01-01T00:12,False,Iván,iNaturalist,http://creativecommons.org/licenses/by-nc/4.0/,Iván,https://inaturalist-open-data.s3.amazonaws.com/photos/261647653/original.jpeg; https://inaturalist-open-data.s3.amazonaws.com/photos/261647680/original.jpeg; https://inaturalist-open-data.s3.amazonaws.com/photos/261647715/original.jpeg; https://inaturalist-open-data.s3.amazonaws.com/photos/261647736/original.jpeg,k-central-america,2024-10-25 17:44:55
original_4067513416_2.jpeg,3587005,Passiflora misera,7.6579999999999995,"Chrysuronia coeruleogularis (Gould, 1851)",10962601,9.070266,-79.461008,2213.0,NORTH_AMERICA,Panamá,,,,1980-01-01T00:12,False,Iván,iNaturalist,http://creativecommons.org/licenses/by-nc/4.0/,Iván,https://inaturalist-open-data.s3.amazonaws.com/photos/261647653/original.jpeg; https://inaturalist-open-data.s3.amazonaws.com/photos/261647680/original.jpeg; https://inaturalist-open-data.s3.amazonaws.com/photos/261647715/original.jpeg; https://inaturalist-open-data.s3.amazonaws.com/photos/261647736/original.jpeg,k-central-america,2024-10-25 17:44:57
original_4067684309_2.jpeg,3172541,Roseodendron donnell-smithii,43.422,"Chrysuronia coeruleogularis (Gould, 1851)",10962601,8.933162,-79.545829,2288.0,NORTH_AMERICA,Panamá,,,,2023-02-10T17:52,False,Benoît Segerer,iNaturalist,http://creativecommons.org/licenses/by-nc/4.0/,Benoît Segerer,https://inaturalist-open-data.s3.amazonaws.com/photos/261590291/original.jpeg; https://inaturalist-open-data.s3.amazonaws.com/photos/261590300/original.jpeg,k-central-america,2024-10-25 17:45:06
original_4075792536_1.jpeg,2695344,Tillandsia flexuosa,22.302,"Chrysuronia coeruleogularis (Gould, 1851)",10962601,8.600802,-82.420992,90.0,NORTH_AMERICA,Chiriquí,,,,2023-03-24T04:57:08,False,axca,iNaturalist,http://creativecommons.org/licenses/by-nc/4.0/,axca,https://inaturalist-open-data.s3.amazonaws.com/photos/262890398/original.jpeg,k-central-america,2024-10-25 17:45:08
original_4076184635_1.jpeg,2964988,Centrosema brasilianum,3.836,"Chrysuronia coeruleogularis (Gould, 1851)",10962601,9.047871,-79.401886,26.0,NORTH_AMERICA,Panamá,,,,2023-04-02T11:28,False,Carla Calamari,iNaturalist,http://creativecommons.org/licenses/by-nc/4.0/,Carla Calamari,https://inaturalist-open-data.s3.amazonaws.com/photos/264603769/original.jpeg,k-central-america,2024-10-25 17:45:11
original_4096400659_1.jpeg,3169631,Tabernaemontana amygdalifolia,2.275,"Chrysuronia coeruleogularis (Gould, 1851)",10962601,8.614287,-82.942001,244.0,NORTH_AMERICA,Puntarenas,,,,2023-03-18T10:43,False,angel_castillo_birdingtours,iNaturalist,http://creativecommons.org/licenses/by-nc/4.0/,angel_castillo_birdingtours,https://inaturalist-open-data.s3.amazonaws.com/photos/267868973/original.jpeg; https://inaturalist-open-data.s3.amazonaws.com/photos/267869026/original.jpeg,k-central-america,2024-10-25 17:45:20
original_4096400659_2.jpeg,2792457,Polystachya concreta,9.743,"Chrysuronia coeruleogularis (Gould, 1851)",10962601,8.614287,-82.942001,244.0,NORTH_AMERICA,Puntarenas,,,,2023-03-18T10:43,False,angel_castillo_birdingtours,iNaturalist,http://creativecommons.org/licenses/by-nc/4.0/,angel_castillo_birdingtours,https://inaturalist-open-data.s3.amazonaws.com/photos/267868973/original.jpeg; https://inaturalist-open-data.s3.amazonaws.com/photos/267869026/original.jpeg,k-central-america,2024-10-25 17:45:22
original_4103249976_1.jpg,7981652,Rhabdadenia biflora,7.79,"Chrysuronia coeruleogularis (Gould, 1851)",10962601,9.009377,-79.467655,36.0,NORTH_AMERICA,Panamá,,,,2023-04-30T08:21:33,False,Aitor,iNaturalist,http://creativecommons.org/licenses/by/4.0/,Aitor,https://inaturalist-open-data.s3.amazonaws.com/photos/273526783/original.jpg; https://inaturalist-open-data.s3.amazonaws.com/photos/273526899/original.jpg; https://inaturalist-open-data.s3.amazonaws.com/photos/273527025/original.jpg,k-central-america,2024-10-25 17:45:24
original_4103478319_1.jpg,4060951,Varronia curassavica,4.102,"Chrysuronia coeruleogularis (Gould, 1851)",10962601,8.931497,-79.54475,43.0,NORTH_AMERICA,Panamá,,,,2023-05-01T09:18:27,False,Aitor,iNaturalist,http://creativecommons.org/licenses/by/4.0/,Aitor,https://inaturalist-open-data.s3.amazonaws.com/photos/274447675/original.jpg; https://inaturalist-open-data.s3.amazonaws.com/photos/274447778/original.jpg,k-central-america,2024-10-25 17:45:31
original_4103478319_2.jpg,7297353,Lippia origanoides,3.144,"Chrysuronia coeruleogularis (Gould, 1851)",10962601,8.931497,-79.54475,43.0,NORTH_AMERICA,Panamá,,,,2023-05-01T09:18:27,False,Aitor,iNaturalist,http://creativecommons.org/licenses/by/4.0/,Aitor,https://inaturalist-open-data.s3.amazonaws.com/photos/274447675/original.jpg; https://inaturalist-open-data.s3.amazonaws.com/photos/274447778/original.jpg,k-central-america,2024-10-25 17:45:33
original_4120951105_1.jpg,3191361,Byrsonima crassifolia,19.108,"Chrysuronia coeruleogularis (Gould, 1851)",10962601,8.627604,-82.939475,443.0,NORTH_AMERICA,Puntarenas,,,,2023-01-18T11:59,False,David Garrigues,iNaturalist,http://creativecommons.org/licenses/by-nc/4.0/,David Garrigues,https://inaturalist-open-data.s3.amazonaws.com/photos/281366938/original.jpg; https://inaturalist-open-data.s3.amazonaws.com/photos/281367425/original.jpg; https://inaturalist-open-data.s3.amazonaws.com/photos/281367677/original.jpg; https://inaturalist-open-data.s3.amazonaws.com/photos/281367702/original.jpg,k-central-america,2024-10-25 17:45:36
original_4120951105_2.jpg,3191361,Byrsonima crassifolia,32.496,"Chrysuronia coeruleogularis (Gould, 1851)",10962601,8.627604,-82.939475,443.0,NORTH_AMERICA,Puntarenas,,,,2023-01-18T11:59,False,David Garrigues,iNaturalist,http://creativecommons.org/licenses/by-nc/4.0/,David Garrigues,https://inaturalist-open-data.s3.amazonaws.com/photos/281366938/original.jpg; https://inaturalist-open-data.s3.amazonaws.com/photos/281367425/original.jpg; https://inaturalist-open-data.s3.amazonaws.com/photos/281367677/original.jpg; https://inaturalist-open-data.s3.amazonaws.com/photos/281367702/original.jpg,k-central-america,2024-10-25 17:45:38
original_4120951105_3.jpg,3191361,Byrsonima crassifolia,4.223,"Chrysuronia coeruleogularis (Gould, 1851)",10962601,8.627604,-82.939475,443.0,NORTH_AMERICA,Puntarenas,,,,2023-01-18T11:59,False,David Garrigues,iNaturalist,http://creativecommons.org/licenses/by-nc/4.0/,David Garrigues,https://inaturalist-open-data.s3.amazonaws.com/photos/281366938/original.jpg; https://inaturalist-open-data.s3.amazonaws.com/photos/281367425/original.jpg; https://inaturalist-open-data.s3.amazonaws.com/photos/281367677/original.jpg; https://inaturalist-open-data.s3.amazonaws.com/photos/281367702/original.jpg,k-central-america,2024-10-25 17:45:40
original_4120951105_4.jpg,3191361,Byrsonima crassifolia,17.98,"Chrysuronia coeruleogularis (Gould, 1851)",10962601,8.627604,-82.939475,443.0,NORTH_AMERICA,Puntarenas,,,,2023-01-18T11:59,False,David Garrigues,iNaturalist,http://creativecommons.org/licenses/by-nc/4.0/,David Garrigues,https://inaturalist-open-data.s3.amazonaws.com/photos/281366938/original.jpg; https://inaturalist-open-data.s3.amazonaws.com/photos/281367425/original.jpg; https://inaturalist-open-data.s3.amazonaws.com/photos/281367677/original.jpg; https://inaturalist-open-data.s3.amazonaws.com/photos/281367702/original.jpg,k-central-america,2024-10-25 17:45:42
original_4121120578_1.jpeg,2905493,Ixora coccinea,31.840000000000003,"Chrysuronia coeruleogularis (Gould, 1851)",10962601,8.3073,-82.578429,244.0,NORTH_AMERICA,Chiriquí,,,,2023-04-15T07:57,False,katiuska19,iNaturalist,http://creativecommons.org/licenses/by-nc/4.0/,katiuska19,https://inaturalist-open-data.s3.amazonaws.com/photos/267910520/original.jpeg,k-central-america,2024-10-25 17:45:45
original_4126940836_1.jpg,2766846,Agave angustifolia,2.137,"Chrysuronia coeruleogularis (Gould, 1851)",10962601,8.367972,-80.225427,61.0,NORTH_AMERICA,Coclé,,,,2022-12-29T04:31,False,Connor Cochrane,iNaturalist,http://creativecommons.org/licenses/by-nc/4.0/,Connor Cochrane,https://inaturalist-open-data.s3.amazonaws.com/photos/283114884/original.jpg,k-central-america,2024-10-25 17:45:49
original_4127099397_1.jpg,5414601,Russelia equisetiformis,35.368,"Chrysuronia coeruleogularis (Gould, 1851)",10962601,8.931278,-79.54432,,NORTH_AMERICA,Panamá,,,,2023-05-26T10:13:26,False,Aitor,iNaturalist,http://creativecommons.org/licenses/by/4.0/,Aitor,https://inaturalist-open-data.s3.amazonaws.com/photos/283528870/original.jpg,k-central-america,2024-10-25 17:45:52
original_4133609320_1.jpg,8017915,Sapindus saponaria,4.644,"Chrysuronia coeruleogularis (Gould, 1851)",10962601,8.412432,-80.354176,,NORTH_AMERICA,Coclé,,,,2014-02-02T07:06:36,False,Ryan Shaw,iNaturalist,http://creativecommons.org/licenses/by-nc/4.0/,Ryan Shaw,https://inaturalist-open-data.s3.amazonaws.com/photos/45166282/original.jpg,k-central-america,2024-10-25 17:45:54
original_4399996795_1.jpeg,2695344,Tillandsia flexuosa,3.5680000000000005,"Chrysuronia coeruleogularis (Gould, 1851)",10962601,8.997366,-79.507661,210.0,NORTH_AMERICA,Panamá,,,,2023-05-28T14:12,False,joseortizpereira,iNaturalist,http://creativecommons.org/licenses/by-nc/4.0/,joseortizpereira,https://inaturalist-open-data.s3.amazonaws.com/photos/310537894/original.jpeg,k-central-america,2024-10-25 17:46:32
original_4400071780_1.jpg,2760940,Heliconia latispatha,6.743,"Chrysuronia coeruleogularis (Gould, 1851)",10962601,9.61882,-79.600989,375.0,NORTH_AMERICA,Colón,,,,2023-08-10T19:24:46,False,Ernesto,iNaturalist,http://creativecommons.org/licenses/by-nc/4.0/,Ernesto,https://inaturalist-open-data.s3.amazonaws.com/photos/309198489/original.jpg; https://inaturalist-open-data.s3.amazonaws.com/photos/309198501/original.jpg; https://inaturalist-open-data.s3.amazonaws.com/photos/309198511/original.jpg; https://inaturalist-open-data.s3.amazonaws.com/photos/309198522/original.jpg,k-central-america,2024-10-25 17:46:34
original_4400071780_2.jpg,2760940,Heliconia latispatha,37.409,"Chrysuronia coeruleogularis (Gould, 1851)",10962601,9.61882,-79.600989,375.0,NORTH_AMERICA,Colón,,,,2023-08-10T19:24:46,False,Ernesto,iNaturalist,http://creativecommons.org/licenses/by-nc/4.0/,Ernesto,https://inaturalist-open-data.s3.amazonaws.com/photos/309198489/original.jpg; https://inaturalist-open-data.s3.amazonaws.com/photos/309198501/original.jpg; https://inaturalist-open-data.s3.amazonaws.com/photos/309198511/original.jpg; https://inaturalist-open-data.s3.amazonaws.com/photos/309198522/original.jpg,k-central-america,2024-10-25 17:46:35
original_4400071780_3.jpg,2762752,Musa × paradisiaca,4.8149999999999995,"Chrysuronia coeruleogularis (Gould, 1851)",10962601,9.61882,-79.600989,375.0,NORTH_AMERICA,Colón,,,,2023-08-10T19:24:46,False,Ernesto,iNaturalist,http://creativecommons.org/licenses/by-nc/4.0/,Ernesto,https://inaturalist-open-data.s3.amazonaws.com/photos/309198489/original.jpg; https://inaturalist-open-data.s3.amazonaws.com/photos/309198501/original.jpg; https://inaturalist-open-data.s3.amazonaws.com/photos/309198511/original.jpg; https://inaturalist-open-data.s3.amazonaws.com/photos/309198522/original.jpg,k-central-america,2024-10-25 17:46:36
original_4400071780_4.jpg,2760940,Heliconia latispatha,24.356,"Chrysuronia coeruleogularis (Gould, 1851)",10962601,9.61882,-79.600989,375.0,NORTH_AMERICA,Colón,,,,2023-08-10T19:24:46,False,Ernesto,iNaturalist,http://creativecommons.org/licenses/by-nc/4.0/,Ernesto,https://inaturalist-open-data.s3.amazonaws.com/photos/309198489/original.jpg; https://inaturalist-open-data.s3.amazonaws.com/photos/309198501/original.jpg; https://inaturalist-open-data.s3.amazonaws.com/photos/309198511/original.jpg; https://inaturalist-open-data.s3.amazonaws.com/photos/309198522/original.jpg,k-central-america,2024-10-25 17:46:37
original_4400116814_1.jpg,2982188,Calliandra surinamensis,41.582,"Chrysuronia coeruleogularis (Gould, 1851)",10962601,9.002396,-79.509159,94.0,NORTH_AMERICA,Panamá,,,,2023-08-18T16:39:20,False,Aitor,iNaturalist,http://creativecommons.org/licenses/by/4.0/,Aitor,https://inaturalist-open-data.s3.amazonaws.com/photos/311696308/original.jpg,k-central-america,2024-10-25 17:46:40
original_4400379619_1.jpg,2982188,Calliandra surinamensis,29.767,"Chrysuronia coeruleogularis (Gould, 1851)",10962601,9.002376,-79.50916,77.0,NORTH_AMERICA,Panamá,,,,2023-08-18T16:41:30,False,Aitor,iNaturalist,http://creativecommons.org/licenses/by/4.0/,Aitor,https://inaturalist-open-data.s3.amazonaws.com/photos/311696237/original.jpg; https://inaturalist-open-data.s3.amazonaws.com/photos/311696594/original.jpg,k-central-america,2024-10-25 17:46:43
original_4400379619_2.jpg,2982188,Calliandra surinamensis,23.232,"Chrysuronia coeruleogularis (Gould, 1851)",10962601,9.002376,-79.50916,77.0,NORTH_AMERICA,Panamá,,,,2023-08-18T16:41:30,False,Aitor,iNaturalist,http://creativecommons.org/licenses/by/4.0/,Aitor,https://inaturalist-open-data.s3.amazonaws.com/photos/311696237/original.jpg; https://inaturalist-open-data.s3.amazonaws.com/photos/311696594/original.jpg,k-central-america,2024-10-25 17:46:45
original_4407246425_1.jpeg,3054262,Crateva tapia,2.431,"Chrysuronia coeruleogularis (Gould, 1851)",10962601,9.399631,-79.875386,244.0,NORTH_AMERICA,Colón,,,,2022-12-17T09:37,False,katiuska19,iNaturalist,http://creativecommons.org/licenses/by-nc/4.0/,katiuska19,https://inaturalist-open-data.s3.amazonaws.com/photos/248352923/original.jpeg,k-central-america,2024-10-25 17:46:53
original_4414399465_1.jpeg,3795445,Vachellia macracantha,9.084,"Chrysuronia coeruleogularis (Gould, 1851)",10962601,8.921333,-78.398502,,NORTH_AMERICA,Panamá,,,,2020-02-02T10:21,False,emskakoon,iNaturalist,http://creativecommons.org/licenses/by-nc/4.0/,emskakoon,https://inaturalist-open-data.s3.amazonaws.com/photos/320739193/original.jpeg,k-central-america,2024-10-25 17:46:55
original_4416632720_1.jpeg,3188684,Cuphea ignea,1.822,"Chrysuronia coeruleogularis (Gould, 1851)",10962601,8.363883,-80.127004,8.0,NORTH_AMERICA,Coclé,,,,2022-02-26T17:46,False,ALAN SANKEY,iNaturalist,http://creativecommons.org/licenses/by-nc/4.0/,ALAN SANKEY,https://inaturalist-open-data.s3.amazonaws.com/photos/320981339/original.jpeg; https://inaturalist-open-data.s3.amazonaws.com/photos/320984372/original.jpeg,k-central-america,2024-10-25 17:46:58
original_4416632720_2.jpeg,5415476,Melaleuca viminalis,7.305000000000001,"Chrysuronia coeruleogularis (Gould, 1851)",10962601,8.363883,-80.127004,8.0,NORTH_AMERICA,Coclé,,,,2022-02-26T17:46,False,ALAN SANKEY,iNaturalist,http://creativecommons.org/licenses/by-nc/4.0/,ALAN SANKEY,https://inaturalist-open-data.s3.amazonaws.com/photos/320981339/original.jpeg; https://inaturalist-open-data.s3.amazonaws.com/photos/320984372/original.jpeg,k-central-america,2024-10-25 17:47:01
original_4430981690_1.jpeg,3072900,Jatropha gossypiifolia,2.931,"Chrysuronia coeruleogularis (Gould, 1851)",10962601,8.546329,-81.053717,21.0,NORTH_AMERICA,Veraguas,,,,2023-04-21T04:28,False,andros8,iNaturalist,http://creativecommons.org/licenses/by-nc/4.0/,andros8,https://inaturalist-open-data.s3.amazonaws.com/photos/326961953/original.jpeg; https://inaturalist-open-data.s3.amazonaws.com/photos/326961981/original.jpeg,k-central-america,2024-10-25 17:47:06
original_4430981690_2.jpeg,3054262,Crateva tapia,3.073,"Chrysuronia coeruleogularis (Gould, 1851)",10962601,8.546329,-81.053717,21.0,NORTH_AMERICA,Veraguas,,,,2023-04-21T04:28,False,andros8,iNaturalist,http://creativecommons.org/licenses/by-nc/4.0/,andros8,https://inaturalist-open-data.s3.amazonaws.com/photos/326961953/original.jpeg; https://inaturalist-open-data.s3.amazonaws.com/photos/326961981/original.jpeg,k-central-america,2024-10-25 17:47:08
original_4436375148_3.jpeg,5357680,Inga vera,58.79600000000001,"Chrysuronia coeruleogularis (Gould, 1851)",10962601,8.546327,-81.053707,22.0,NORTH_AMERICA,Veraguas,,,,2023-04-20T07:46,False,andros8,iNaturalist,http://creativecommons.org/licenses/by-nc/4.0/,andros8,https://inaturalist-open-data.s3.amazonaws.com/photos/326958083/original.jpeg; https://inaturalist-open-data.s3.amazonaws.com/photos/326958126/original.jpeg; https://inaturalist-open-data.s3.amazonaws.com/photos/326958196/original.jpeg; https://inaturalist-open-data.s3.amazonaws.com/photos/326958222/original.jpeg; https://inaturalist-open-data.s3.amazonaws.com/photos/326958249/original.jpeg; https://inaturalist-open-data.s3.amazonaws.com/photos/326958256/original.jpeg; https://inaturalist-open-data.s3.amazonaws.com/photos/326958297/original.jpeg; https://inaturalist-open-data.s3.amazonaws.com/photos/326958381/original.jpeg,k-central-america,2024-10-25 17:47:20
original_4440667352_1.jpg,7323899,Operculina hamiltonii,2.514,"Chrysuronia coeruleogularis (Gould, 1851)",10962601,8.381164,-80.197312,2146.0,NORTH_AMERICA,Coclé,,,,2023-10-19T12:10,False,gsmall,iNaturalist,http://creativecommons.org/licenses/by-nc/4.0/,gsmall,https://inaturalist-open-data.s3.amazonaws.com/photos/332710428/original.jpg,k-central-america,2024-10-25 17:47:33
original_4442383003_1.jpeg,5662394,Cordia dodecandra,7.6,"Chrysuronia coeruleogularis (Gould, 1851)",10962601,8.329712,-80.210392,7.0,NORTH_AMERICA,Coclé,,,,2023-09-21T11:49:16,False,Jo Roberts,iNaturalist,http://creativecommons.org/licenses/by/4.0/,Jo Roberts,https://inaturalist-open-data.s3.amazonaws.com/photos/321775224/original.jpeg,k-central-america,2024-10-25 17:47:36
original_4442519538_1.jpg,5414601,Russelia equisetiformis,22.74,"Chrysuronia coeruleogularis (Gould, 1851)",10962601,9.007235,-79.489155,244.0,NORTH_AMERICA,Panamá,,,,2022-02-20T13:35,False,cjmatheson,iNaturalist,http://creativecommons.org/licenses/by-nc/4.0/,cjmatheson,https://inaturalist-open-data.s3.amazonaws.com/photos/335500728/original.jpg,k-central-america,2024-10-25 17:47:38
original_4458450027_1.jpg,2972960,Samanea saman,6.094,"Chrysuronia coeruleogularis (Gould, 1851)",10962601,8.932988,-79.545179,100.0,NORTH_AMERICA,Panamá,,,,2023-12-03T08:18,False,Anthony Batista,iNaturalist,http://creativecommons.org/licenses/by/4.0/,Anthony Batista,https://inaturalist-open-data.s3.amazonaws.com/photos/338858719/original.jpg,k-central-america,2024-10-25 17:47:44
original_4458464169_1.jpg,2982188,Calliandra surinamensis,72.17099999999999,"Chrysuronia coeruleogularis (Gould, 1851)",10962601,8.932125,-79.544813,159.0,NORTH_AMERICA,Panamá,,,,2023-12-03T09:29:24,False,heidyshapiro,iNaturalist,http://creativecommons.org/licenses/by-nc/4.0/,heidyshapiro,https://inaturalist-open-data.s3.amazonaws.com/photos/338999925/original.jpg; https://inaturalist-open-data.s3.amazonaws.com/photos/338999935/original.jpg,k-central-america,2024-10-25 17:47:46
original_4458464169_2.jpg,2982188,Calliandra surinamensis,80.2,"Chrysuronia coeruleogularis (Gould, 1851)",10962601,8.932125,-79.544813,159.0,NORTH_AMERICA,Panamá,,,,2023-12-03T09:29:24,False,heidyshapiro,iNaturalist,http://creativecommons.org/licenses/by-nc/4.0/,heidyshapiro,https://inaturalist-open-data.s3.amazonaws.com/photos/338999925/original.jpg; https://inaturalist-open-data.s3.amazonaws.com/photos/338999935/original.jpg,k-central-america,2024-10-25 17:47:48
original_4465703106_1.jpg,4092242,Handroanthus impetiginosus,5.392,"Chrysuronia coeruleogularis (Gould, 1851)",10962601,9.036423,-79.510563,,NORTH_AMERICA,Panamá,,,,2022-10-11T07:37,False,Adam Jackson,iNaturalist,http://creativecommons.org/publicdomain/zero/1.0/,Adam Jackson,https://inaturalist-open-data.s3.amazonaws.com/photos/339615421/original.jpg,k-central-america,2024-10-25 17:47:52
original_4512260403_1.jpeg,2902066,Hamelia patens,49.835,"Chrysuronia coeruleogularis (Gould, 1851)",10962601,8.93147,-79.544838,698.0,NORTH_AMERICA,Panamá,,,,2024-01-07T09:37,False,Carla Calamari,iNaturalist,http://creativecommons.org/licenses/by-nc/4.0/,Carla Calamari,https://inaturalist-open-data.s3.amazonaws.com/photos/345118605/original.jpeg,k-central-america,2024-10-25 17:47:59
original_4525003091_1.jpeg,3170223,Funastrum clausum,1.436,"Chrysuronia coeruleogularis (Gould, 1851)",10962601,7.519011,-80.103945,3786.0,NORTH_AMERICA,Los Santos,,,,2023-06-17T09:02:02,False,Isaac Capp,iNaturalist,http://creativecommons.org/licenses/by-nc/4.0/,Isaac Capp,https://inaturalist-open-data.s3.amazonaws.com/photos/291272529/original.jpeg,k-central-america,2024-10-25 17:48:01
original_4528311928_1.jpeg,3172541,Roseodendron donnell-smithii,11.429,"Chrysuronia coeruleogularis (Gould, 1851)",10962601,8.32115,-80.198829,97.0,NORTH_AMERICA,Coclé,,,,2024-02-23T12:50,False,Carla Calamari,iNaturalist,http://creativecommons.org/licenses/by-nc/4.0/,Carla Calamari,https://inaturalist-open-data.s3.amazonaws.com/photos/353668489/original.jpeg,k-central-america,2024-10-25 17:48:03
original_4535598279_1.jpg,2895593,Genipa americana,2.551,"Chrysuronia coeruleogularis (Gould, 1851)",10962601,8.921329,-78.398206,122.0,NORTH_AMERICA,Panamá,,,,2024-02-12,False,Kalvin Chan,iNaturalist,http://creativecommons.org/licenses/by/4.0/,Kalvin Chan,https://inaturalist-open-data.s3.amazonaws.com/photos/353983869/original.jpg,k-central-america,2024-10-25 17:48:06
original_4535851229_1.jpg,7327057,Combretum farinosum,5.021,"Chrysuronia coeruleogularis (Gould, 1851)",10962601,8.921329,-78.398206,122.0,NORTH_AMERICA,Panamá,,,,2024-02-12,False,Kalvin Chan,iNaturalist,http://creativecommons.org/licenses/by/4.0/,Kalvin Chan,https://inaturalist-open-data.s3.amazonaws.com/photos/353919015/original.jpg; https://inaturalist-open-data.s3.amazonaws.com/photos/353919018/original.jpg; https://inaturalist-open-data.s3.amazonaws.com/photos/353919034/original.jpg,k-central-america,2024-10-25 17:48:14
original_4536018527_1.jpg,2874574,Cucumis dipsaceus,1.756,"Chrysuronia coeruleogularis (Gould, 1851)",10962601,8.988414,-78.513618,,NORTH_AMERICA,Panamá,,,,2024-02-16T14:36,False,Kalvin Chan,iNaturalist,http://creativecommons.org/licenses/by/4.0/,Kalvin Chan,https://inaturalist-open-data.s3.amazonaws.com/photos/354919668/original.jpg,k-central-america,2024-10-25 17:48:21
original_4597092885_1.jpeg,3170223,Funastrum clausum,1.9290000000000003,"Chrysuronia coeruleogularis (Gould, 1851)",10962601,9.125889,-79.693836,9.0,NORTH_AMERICA,Colón,,,,2016-04-02T17:14,False,Jon Pleizier,iNaturalist,http://creativecommons.org/licenses/by-nc/4.0/,Jon Pleizier,https://inaturalist-open-data.s3.amazonaws.com/photos/358160000/original.jpeg,k-central-america,2024-10-25 17:48:24
original_4597115686_1.jpeg,2962057,Canavalia gladiata,4.249,"Chrysuronia coeruleogularis (Gould, 1851)",10962601,9.1276,-79.696187,66.0,NORTH_AMERICA,Colón,,,,2016-04-05T17:16,False,Jon Pleizier,iNaturalist,http://creativecommons.org/licenses/by-nc/4.0/,Jon Pleizier,https://inaturalist-open-data.s3.amazonaws.com/photos/358723423/original.jpeg,k-central-america,2024-10-25 17:48:27
original_4597373637_1.jpeg,2982188,Calliandra surinamensis,83.818,"Chrysuronia coeruleogularis (Gould, 1851)",10962601,8.694025,-83.673521,210.0,NORTH_AMERICA,Puntarenas,,,,2017-02-11T15:04,False,Nicki B,iNaturalist,http://creativecommons.org/licenses/by-nc/4.0/,Nicki B,https://inaturalist-open-data.s3.amazonaws.com/photos/356000717/original.jpeg; https://inaturalist-open-data.s3.amazonaws.com/photos/356000718/original.jpeg; https://inaturalist-open-data.s3.amazonaws.com/photos/356000719/original.jpeg,k-central-america,2024-10-25 17:48:29
original_4597373637_2.jpeg,2982188,Calliandra surinamensis,57.69,"Chrysuronia coeruleogularis (Gould, 1851)",10962601,8.694025,-83.673521,210.0,NORTH_AMERICA,Puntarenas,,,,2017-02-11T15:04,False,Nicki B,iNaturalist,http://creativecommons.org/licenses/by-nc/4.0/,Nicki B,https://inaturalist-open-data.s3.amazonaws.com/photos/356000717/original.jpeg; https://inaturalist-open-data.s3.amazonaws.com/photos/356000718/original.jpeg; https://inaturalist-open-data.s3.amazonaws.com/photos/356000719/original.jpeg,k-central-america,2024-10-25 17:48:32
original_4597373637_3.jpeg,2982188,Calliandra surinamensis,47.227000000000004,"Chrysuronia coeruleogularis (Gould, 1851)",10962601,8.694025,-83.673521,210.0,NORTH_AMERICA,Puntarenas,,,,2017-02-11T15:04,False,Nicki B,iNaturalist,http://creativecommons.org/licenses/by-nc/4.0/,Nicki B,https://inaturalist-open-data.s3.amazonaws.com/photos/356000717/original.jpeg; https://inaturalist-open-data.s3.amazonaws.com/photos/356000718/original.jpeg; https://inaturalist-open-data.s3.amazonaws.com/photos/356000719/original.jpeg,k-central-america,2024-10-25 17:48:34
original_4597450370_1.jpg,3114910,Tessaria integrifolia,1.8350000000000002,"Chrysuronia coeruleogularis (Gould, 1851)",10962601,8.921402,-78.398187,,NORTH_AMERICA,Panamá,,,,2024-02-12T17:59,False,natueharak,iNaturalist,http://creativecommons.org/licenses/by-nc/4.0/,natueharak,https://inaturalist-open-data.s3.amazonaws.com/photos/357121046/original.jpg,k-central-america,2024-10-25 17:48:37
original_4606807681_3.jpg,2887136,Sideroxylon stenospermum,0.633,"Chrysuronia coeruleogularis (Gould, 1851)",10962601,8.275975,-77.877521,77.0,NORTH_AMERICA,Darién,,,,2024-04-01T09:38:47,False,Aitor,iNaturalist,http://creativecommons.org/licenses/by/4.0/,Aitor,https://inaturalist-open-data.s3.amazonaws.com/photos/362968018/original.jpg; https://inaturalist-open-data.s3.amazonaws.com/photos/362968057/original.jpg; https://inaturalist-open-data.s3.amazonaws.com/photos/362968100/original.jpg,k-central-america,2024-10-25 17:48:43
original_4607517441_2.jpeg,4092146,Handroanthus ochraceus,34.482,"Chrysuronia coeruleogularis (Gould, 1851)",10962601,8.051347,-80.935929,154.0,NORTH_AMERICA,Veraguas,,,,2024-03-31T10:11:11,False,Francisco J. Castillo C.,iNaturalist,http://creativecommons.org/licenses/by-nc/4.0/,Francisco J. Castillo C.,https://inaturalist-open-data.s3.amazonaws.com/photos/361972369/original.jpeg; https://inaturalist-open-data.s3.amazonaws.com/photos/361972412/original.jpeg,k-central-america,2024-10-25 17:48:48
original_4852895185_1.jpeg,3794448,Semialarium mexicanum,2.009,"Chrysuronia coeruleogularis (Gould, 1851)",10962601,8.167614,-81.864711,593.0,NORTH_AMERICA,Chiriquí,,,,2023-09-30T10:49:16,False,kmontevan,iNaturalist,http://creativecommons.org/licenses/by-nc/4.0/,kmontevan,https://inaturalist-open-data.s3.amazonaws.com/photos/325424732/original.jpeg,k-central-america,2024-10-25 17:48:51
original_4863443595_1.jpg,5414601,Russelia equisetiformis,78.822,"Chrysuronia coeruleogularis (Gould, 1851)",10962601,8.931971,-79.544845,90.0,NORTH_AMERICA,Panamá,,,,2024-05-09T14:30:11,False,stacebird,iNaturalist,http://creativecommons.org/licenses/by-nc/4.0/,stacebird,https://inaturalist-open-data.s3.amazonaws.com/photos/379427253/original.jpg,k-central-america,2024-10-25 17:48:53
original_4863693623_1.jpg,5414601,Russelia equisetiformis,90.813,"Chrysuronia coeruleogularis (Gould, 1851)",10962601,8.931923,-79.544789,135.0,NORTH_AMERICA,Panamá,,,,2024-05-09T14:30:43,False,stacebird,iNaturalist,http://creativecommons.org/licenses/by-nc/4.0/,stacebird,https://inaturalist-open-data.s3.amazonaws.com/photos/379426697/original.jpg; https://inaturalist-open-data.s3.amazonaws.com/photos/379426769/original.jpg,k-central-america,2024-10-25 17:48:56
original_4863693623_2.jpg,5414601,Russelia equisetiformis,85.575,"Chrysuronia coeruleogularis (Gould, 1851)",10962601,8.931923,-79.544789,135.0,NORTH_AMERICA,Panamá,,,,2024-05-09T14:30:43,False,stacebird,iNaturalist,http://creativecommons.org/licenses/by-nc/4.0/,stacebird,https://inaturalist-open-data.s3.amazonaws.com/photos/379426697/original.jpg; https://inaturalist-open-data.s3.amazonaws.com/photos/379426769/original.jpg,k-central-america,2024-10-25 17:48:58
original_4867795142_1.jpeg,5406696,Ceiba aesculifolia,3.415,"Chrysuronia coeruleogularis (Gould, 1851)",10962601,8.051467,-80.935991,48.0,NORTH_AMERICA,Veraguas,,,,2024-03-30T08:06:12,False,Francisco J. Castillo C.,iNaturalist,http://creativecommons.org/licenses/by-nc/4.0/,Francisco J. Castillo C.,https://inaturalist-open-data.s3.amazonaws.com/photos/361652632/original.jpeg,k-central-america,2024-10-25 17:49:01
original_4872270818_1.jpeg,3170223,Funastrum clausum,1.124,"Chrysuronia coeruleogularis (Gould, 1851)",10962601,8.876533,-79.745922,4.0,NORTH_AMERICA,Panamá Oeste,,,,2024-05-16T09:48,False,Manuel Murillo Alcedo,iNaturalist,http://creativecommons.org/licenses/by-nc/4.0/,Manuel Murillo Alcedo,https://inaturalist-open-data.s3.amazonaws.com/photos/386457330/original.jpeg; https://inaturalist-open-data.s3.amazonaws.com/photos/386457748/original.jpeg; https://inaturalist-open-data.s3.amazonaws.com/photos/386457780/original.jpeg,k-central-america,2024-10-25 17:49:03
original_4872270818_3.jpeg,5341746,Operculina pinnatifida,2.4170000000000003,"Chrysuronia coeruleogularis (Gould, 1851)",10962601,8.876533,-79.745922,4.0,NORTH_AMERICA,Panamá Oeste,,,,2024-05-16T09:48,False,Manuel Murillo Alcedo,iNaturalist,http://creativecommons.org/licenses/by-nc/4.0/,Manuel Murillo Alcedo,https://inaturalist-open-data.s3.amazonaws.com/photos/386457330/original.jpeg; https://inaturalist-open-data.s3.amazonaws.com/photos/386457748/original.jpeg; https://inaturalist-open-data.s3.amazonaws.com/photos/386457780/original.jpeg,k-central-america,2024-10-25 17:49:08
original_4901522019_1.jpeg,2958715,Caesalpinia pulcherrima,85.577,"Chrysuronia coeruleogularis (Gould, 1851)",10962601,7.545486,-80.949533,2.0,NORTH_AMERICA,Veraguas,,,,2024-06-16T11:25,False,Rodrigo Baez,iNaturalist,http://creativecommons.org/licenses/by-nc/4.0/,Rodrigo Baez,https://inaturalist-open-data.s3.amazonaws.com/photos/395454736/original.jpeg,k-central-america,2024-10-25 17:49:13
original_4901580493_1.jpg,2962057,Canavalia gladiata,7.593,"Chrysuronia coeruleogularis (Gould, 1851)",10962601,7.25828,-80.49028,10.0,NORTH_AMERICA,Los Santos,,,,2024-06-11T15:48,False,Anthony Batista,iNaturalist,http://creativecommons.org/licenses/by/4.0/,Anthony Batista,https://inaturalist-open-data.s3.amazonaws.com/photos/394038497/original.jpg,k-central-america,2024-10-25 17:49:16
original_4908924122_2.jpg,2884162,Pouteria sapota,1.558,"Chrysuronia coeruleogularis (Gould, 1851)",10962601,8.896461,-79.574761,217.0,NORTH_AMERICA,Panamá Oeste,,,,2024-06-13,False,cmmteixeira,iNaturalist,http://creativecommons.org/licenses/by-nc/4.0/,cmmteixeira,https://inaturalist-open-data.s3.amazonaws.com/photos/404406489/original.jpg; https://inaturalist-open-data.s3.amazonaws.com/photos/404406495/original.jpg,k-central-america,2024-10-25 17:49:20
original_4919163697_1.jpg,5414601,Russelia equisetiformis,90.056,"Chrysuronia coeruleogularis (Gould, 1851)",10962601,8.931738,-79.545241,20.0,NORTH_AMERICA,Panamá,,,,2024-07-26T17:25,False,Anthony Batista,iNaturalist,http://creativecommons.org/licenses/by/4.0/,Anthony Batista,https://inaturalist-open-data.s3.amazonaws.com/photos/412925757/original.jpg,k-central-america,2024-10-25 17:49:23
